0.653402246886782,-0.980781705621662,1.0422841434611987,0.30090743670814285,-0.6223475655864669,1.59295537637621
0.4138285616884113,0.891757197292891,-0.17572509645439507,-0.25246772031685666,0.29336340398471666,103.80370130927827
0.7776589459462995,-0.524221177347692,0.7268582947776109,0.7299240474202908,1.0786549883171714,85.85584022149999
-0.9139787368594912,-1.5055262531763345,0.6139237384966015,-0.15959285307546894,-0.6692965191281309,-191.29036940305878
-1.5471852593803317,0.326312396933268,0.6285641122126792,0.3211412808108433,-0.9498721847337328,-72.70626128674164
1.08882506620371,-0.7921019663465111,0.3423070408115624,0.7383865347619708,0.8237205540058561,60.669408139510836
-1.273349082702282,0.02747873969215804,-0.6365604822982123,0.1176158438392743,0.35889042863897275,-111.27379637880568
2.1798372372588535,0.633329019691932,-0.6241577262398831,-1.5598975744170618,-0.07892525538496198,156.5043322068761
0.292343432572262,1.033575352629726,2.1177336061825134,0.5246645981984281,-0.8747337489448782,203.08059702263154
0.2754424473482215,1.2995342864503885,-2.185853819927256,-0.4204245943526365,-0.7292766254439695,5.540364655824547
1.2906972161776804,-1.9622000174078398,0.16329685617173817,-0.6935430487940093,0.299633720821312,-76.50960945478792
-1.950728612622434,-0.053622557353193656,1.2362046457088252,-0.5366179705889504,-1.2858799740960458,-131.5924953468265
-0.4826807436289159,-1.221165131309958,-0.6783492862403353,0.03798749883879493,0.17002864236969772,-171.66671686961047
-0.13519932385849334,0.0015155651333285988,0.03154782335568278,1.1093811346561435,-0.5616809373308767,-1.2341196163535224
1.0639194229591702,-0.045185830310742144,0.7462704230877171,-1.7307712703015246,0.27041150162807526,84.49071358250985
1.0468361027030517,0.48750563655859724,0.8168095733101925,0.7556303737862545,-0.8340379035587631,153.63287139585407
0.8141728473703924,-1.5437468551582827,-0.22326263285411457,-0.9986563400962428,0.9373705261183705,-83.27983251061445
0.5953126268355123,0.43402012682934266,-0.5284029090992451,0.5563654071932704,-0.7750298824424453,48.863128807276965
-1.1113569619239494,-0.3146877594724826,-1.8876962876901404,0.6292277222086495,-0.9752158489382629,-212.41848678167523
-1.2618460309945045,-1.709994282311357,0.575890637673577,-0.6790112219191485,0.05458485978741765,-229.08825062595963
-1.4526825668413232,-0.2436292097914353,-1.9738375930309475,0.569513794440006,0.9262647624877327,-190.16868836024003
-0.8816392146266427,1.7568158005258974,1.2855616894153556,0.5831219428809105,-0.27226201916245213,156.40272060160362
0.25186956813704514,-1.4284968801358382,0.48476308919259425,0.09027321795360452,0.8125077085557845,-63.421406326184126
0.9521183341849281,0.5177377916959359,-1.1337200508879128,0.43399972637616047,2.5317529052471737,132.25967446171606
-0.6322024806684761,0.12254939852143816,-0.3165523391956127,0.17121848924663213,-1.2001731201102512,-77.15591932927936
-0.43748871988224186,-1.3010998083794356,-0.9477186044451763,-0.8310117514858779,0.4699833101054299,-197.297068976349
-1.8646788267745353,1.8028542873615898,0.3525376270695516,1.9483935906571084,-0.4433575045184568,64.6054189001297
-0.2445830889008759,-0.019970084566526596,0.7122374031504946,0.35844471672365613,1.006420141494336,45.48464644792426
-0.23272971370568296,-0.18554914617198084,-0.9163847375849142,0.2059949153872202,0.20255270695877411,-68.6734110776838
-1.1957884263311243,-0.22326634289021877,-0.7381965905092971,-0.5067007376537478,-0.6944603046071598,-170.11165550546832
1.160586464003122,1.5097817495110724,0.9349488069793142,-0.7211334983101381,-0.9311971372070914,228.29557435992632
-0.844117145830812,-1.041661920549505,0.0800523493287595,0.5186678226666288,-0.6311354204179603,-156.78283541317023
-1.1881797531753047,-0.9155159749318067,-0.08706804428979693,2.22879410722981,3.467771082434778,-46.76648305478305
-0.45232566178627115,-0.16321529002122395,0.5307025340464022,0.12149328999948374,0.22639630645142073,-14.793634020401907
0.880334658776289,0.44418782824768044,1.5388316572947194,-0.7872055585178379,0.12424112405496546,166.3774966740142
-0.49744080700591764,-0.4005797001422579,1.2980894616396277,-0.038755308881208594,0.9530591981129736,12.214987187686823
0.10244574712442397,0.9677672391484453,0.12394394504370139,0.6891644205395373,-2.253391420905208,57.305408771673406
0.8874862471524548,-1.243055505675569,0.061958946711396505,-1.7676631402882343,-0.03293775414057036,-75.69328000493871
-1.7582256196283708,0.5616734934988019,2.3178711164649783,-0.24411996364920036,-1.3193482000417665,-6.355837514595422
-0.015138351637568291,-0.4166103508496022,1.664367036365332,-0.4342024636583629,-0.4374058563141021,22.601871632295506
0.1303998645677043,0.8187023964621404,-0.5590457762755792,1.55977826565741,-0.6366075444504722,69.36525554526219
-0.39140007709359653,-0.7799921306470763,1.1042610760336926,1.4401514965468054,-1.1306882686270956,-45.97568170503081
-0.03087071004785077,0.7127677225084774,2.1630203946858146,-0.8872295146499621,0.695250388980308,164.65749697545192
-1.1174008135169402,-0.5273430066556585,2.6908921250205386,-1.4573648880910408,-0.6848888273475847,-45.0462151264375
0.7748472307060196,0.2613013409322567,0.3273574679970007,-0.5456198642295677,0.09973451870892099,88.37930184355423
0.77696326043762,0.6478155797378145,-2.2198243195731058,1.634385099983219,1.0174785753212716,64.501499809547
-0.6547822028959174,0.20721766584029486,0.7013210528937762,1.4796472510844492,1.3274845211716442,63.67813556360157
-0.43802608854071967,-0.41381400476686825,0.5815769672162326,0.6824343969625646,1.301050775900222,3.252652743645001
-0.5185163736442914,0.558859403967625,-0.00876915701419278,-1.311570151357605,0.33009566587827943,-5.796530750500466
0.8925399569928344,0.3147007925238836,0.41156440890616375,0.00035450132032356223,-0.39377774819803346,104.06312417360203
0.37387133883694634,0.2562423035204757,-0.6881573094598964,-1.1223428047657482,1.8810346197761598,42.3854863861899
0.35502729701574953,-0.03096116482195263,0.11542468198343742,-0.24486832099915062,-0.04074154257516884,23.45351048495762
-1.2006215938582951,1.333187508430501,-0.06148504474598445,1.2397450495560292,-0.46015711780534396,38.56388844265422
0.32686360070315973,-2.3834870536205837,-0.6058441361597233,-0.4343160409324869,0.7978770334627556,-204.96849227057555
-1.604801689039421,-0.3584210412417326,-0.7802901826110263,-1.149037631763668,-1.3652397586661995,-242.8595498078036
-0.902562073273417,-0.7068811696001792,0.13728589963772073,0.06476638224474847,0.9080326702082094,-99.593703058513
0.6253385196128575,0.4389197444053018,-0.8247692891634055,1.451206814383699,1.925332400221304,120.1451192200019
-1.6447624962940655,0.3479546173539592,0.2567744544458267,-0.773608448947904,-1.372237366869478,-126.67509862846276
-0.6450484599016215,1.6005651657257498,-0.14127197715476197,-0.6295679968607925,-0.7360568037819312,57.73171347529218
-0.6790745314514375,0.8197365303635398,0.974059784425677,2.7006844519218656,-0.7937953993623678,100.40877577395851
-0.25002153320652926,-0.06842265716152249,-0.7710497615291688,1.2359693178974651,0.40602561637377166,-28.280426955521172
0.01784212908620905,0.49328531677837967,-0.7119423612183435,-0.6945100510273251,-1.5060018273902263,-38.77053658484472
0.9430241620784298,-0.3444672116183105,0.9245100477787712,-0.8766414405779908,0.5350365749709161,80.01784577494195
0.12657015559055965,0.18078237627698834,1.2101691999513873,0.7959515758572899,-0.8655004084841572,77.07124374908187
0.3366204273569995,-0.3011861867508482,1.404684421074899,0.11974407264516954,1.128906234386777,95.15275455316652
-0.6565752951038616,-0.3138453776762498,2.5775096520470036,-0.9830166560091363,-0.2248140546443507,22.754680292029843
1.5004630702801856,0.40044536865782204,-0.4055014032654354,-0.655388989480441,-0.014272715591322604,114.57291984915221
-0.42463316969724413,-0.11442928230832275,0.5068828832227659,-0.7746073680228484,1.652647767835876,8.44520792081485
-0.02153174958996542,0.7520116834658932,0.2590602125621472,-0.052619716396036555,-0.8432244573812618,55.94127261307591
-0.7950156623618034,-0.07809095463074417,-1.012818631371081,0.29852401170827975,-1.0779007757082069,-134.91294372197
-1.8250637230713402,-0.49966776224549075,-0.30458489736330774,-1.0671343021254944,1.4827740345743572,-177.85236912343626
0.5041805382227528,0.11517747761993506,0.10730348312809404,0.24508206832533214,0.4724541464176491,68.82437769626486
-1.0994937819030053,-0.37127171527789515,-0.629068815707529,0.9153654392728469,-0.8586855372773379,-148.18315222565218
-0.3507651862037743,0.8296048166862715,1.2651085615889173,-1.5275799717094276,1.6965950764111983,120.85567360050979
0.8775337818087486,0.8161023120852626,0.3903197535809135,1.8511528773522694,-0.5485762882754416,177.4465526814496
-0.22952984734712248,-1.0415624575914584,-0.7923882595106476,-0.9344318551525658,-0.6063484107926558,-179.6813752018046
0.8592965033878587,-0.012345210560206345,0.7769838316585973,-1.2677366986692744,-1.021663794955032,50.864553632013745
-0.057299837228182646,1.4148609295929755,-0.9659290684921115,-0.4065054060589539,-0.712210898396793,50.1247960862072
0.7401653400597181,0.16360844187316145,0.5258946382918799,0.6351786964980111,2.2149792566854734,160.49999185697473
-0.8400754436296421,2.4057882637525814,0.5188414305774774,1.1588849362751128,-0.554159262461161,184.37000434790588
-0.588200731652696,-0.2897444817012002,-0.37392022160496147,0.6610904193333357,0.5578440106093838,-61.07670801059195
0.03859535390512953,-0.974929304649473,1.1130664739503178,-0.8378962621547992,0.29512167196039124,-39.01382421626657
1.0887941695488919,-1.229938543768087,0.712872328623259,-1.6092875998050549,0.9492342928233614,-1.54625749717799
-0.27751885681220556,1.6787024939105444,-1.024829050579196,1.2683907820542024,0.6165862788212035,118.36883304406658
1.674419670741732,-0.4734693178327212,0.30101743957241556,0.79939721137356,1.4225727806544723,146.10394298239953
-1.2790697926526573,0.6081312770875779,-1.1047763284775611,0.16479325578602902,-0.042385071080274866,-91.45672574238596
-0.11679974253310016,-1.3825845923436408,-0.06378360774315829,-0.8608782788194612,0.1864141435738725,-146.03085466720648
-0.7659511026173612,0.016535221099840472,-0.3742668954340106,0.3715980477839917,-0.6343743135488189,-81.63615385399116
-0.3270347664829078,0.26835599370772395,-0.1446065552739248,0.3222623855790702,0.22667548575686192,4.290388420536885
0.25586330917024586,1.2611309291334172,0.7454722741323834,0.4986875176487384,1.4897455850888535,212.26527528025792
1.5767142102341243,1.1665300866285508,-0.5469665538794645,0.14172447998796175,-0.6731884652702137,180.3355514653078
1.1469809245701794,0.0400847867547906,-0.5291286070873632,-1.4859847217559592,-1.3720659802989776,1.729919563171526
0.9261919471701346,-0.12235760137542014,0.49801537901480675,-2.032206172938867,-0.36401740865269244,34.41573370920396
-0.4523239059273062,-0.8853993745555202,2.15704726161645,-0.6376435541737112,0.23426005898535382,-15.238865299970954
0.46158160968557443,0.4235013056418897,1.0658673126971219,0.2141389264921997,-0.5010715008493165,114.4835877356465
1.6935631275051315,0.34192096537685757,-0.10311901881749785,0.3938239260092296,-0.33917134813720234,149.91192605565084
1.1246994555041683,1.5575706505460585,-0.973231031484348,-0.3925233823846154,0.8431083034148422,188.20447071913782
-0.9802436256748949,-1.0648125774227672,0.9523689650062728,1.1151003723940751,-0.6441909415105337,-116.3318419910591
-1.6262815903745407,-0.6737222070717818,-1.6622120066004775,0.15017063782612966,-0.6603075996636578,-272.93977062446265
-0.14857768912364575,0.335612781852111,-0.25817742004458183,0.13692662175799994,0.4480877000850588,19.968076954616077
-0.08778235553607762,0.8116715247170899,-0.329255730195427,0.2039316879042588,-0.16697866217384078,49.55690383679192
-0.33128354072247895,-1.2823944359022035,-1.7314540943600625,-0.0866171661310728,0.19389792343473541,-217.98296103319635
-1.2329993995805686,-1.1318663316327449,0.301603517282243,-0.4655138325717205,-0.0563375153253618,-187.44822748304023
-0.22985036367784462,-0.178263975052239,-2.0831354162413103,0.6407608411744794,-0.8738617037701353,-141.69931120653052
-0.8866494176829295,1.0439592717291557,-0.38883576467551556,0.005242196165370128,0.16859049850795516,12.64685575708296
-2.321267660714261,0.15868131412348427,0.22499177984401708,-0.6853770445091318,0.15683554427542531,-156.06260108324093
0.35207089473522585,1.1856491036010597,-0.070928950573408,0.8048741592485771,1.01091957392643,167.72864067576214
0.7178392335559454,1.2529589217537862,0.38366433182193066,0.6611015072362307,0.9853899096215231,219.18091190521466
-0.5013161108009447,1.029854230982041,0.31007272130307445,-0.666567097178592,-1.1572555759834418,28.306868858367245
0.4251840845547682,1.061198156887235,0.08391629071475754,-0.6127636731555474,0.03521314403870533,119.01242361568126
2.1453218805301164,1.4367688547938067,0.7461086093274816,0.4259632241965249,-1.401060330265379,295.7762251388161
-0.7660028257683277,1.4243382833003868,0.8595961307835964,0.48395524471258716,0.012363637946528394,120.18633971449682
0.44084813693029623,-0.2158188645482768,0.22607639023736933,-0.5528625013871423,-0.5872718023461414,-0.45200634787672556
1.5138305046865257,0.05525558726648494,-0.5839387610684171,-0.23794889676014686,0.252488320362641,90.76196483453731
-0.13666967677314565,0.5032935567821569,2.0952843825526233,-2.253230063140981,0.5269022963939417,105.20609758460682
0.5727421632636851,0.051185384599459566,0.5500495063055172,0.9411577312961042,0.4875565736216403,102.83446376063071
-0.1607155148009576,0.5750780668131169,0.4606990138315245,-0.03603919977712957,-0.6213627529664758,45.302601307149665
-0.6066934415598202,-0.5138226717239777,-1.2702013333232829,-1.9909813102868985,0.5483202158787079,-175.2548661191566
-0.07815848265641101,-0.3420577038136557,1.1911618976580292,-1.6887373455398742,-1.1878268472274658,-39.9774276722675
0.21166329663995948,-0.10216287373158774,-2.0616632463008693,-0.999241263659046,-2.2773327463779447,-166.34714297609537
-0.6827503904920634,-0.7635353838175887,1.3756271834323464,0.7375860379183827,1.742859470213907,3.876692310455539
-1.5021015966845126,-0.21407990697456578,-0.7292460135288052,-0.18684048007876988,-0.6169813287068725,-183.63993061475685
-2.108544154117794,0.9639828044408586,-0.5127754960534593,-1.4831452022493243,1.479991574880031,-86.77529163875246
-0.10749261625252153,0.9656227829142892,-0.174369812626241,0.1482020694064384,1.2663560916035914,103.13111939742781
-0.5744715353921965,0.07489720733678279,0.3955506839708103,0.7667687434871521,-1.008234080766164,-27.19378261475836
-0.5061726426005715,-0.8159120226280162,2.1543487365470706,1.3195118225115707,-1.2123788976433265,-11.737016590630802
1.3442220046794882,-0.5487519834202403,0.7113961953558261,-0.37833657513645014,-0.12990114721943855,74.52630821037467
-0.6986641719609141,-0.9461604259424665,0.5890027617130652,0.9982635355708155,-0.29745922377524037,-96.04781211631992
-1.1425061133819572,-0.14741407896279363,-1.093786838392592,-0.5426815014153852,-0.02875420305812742,-160.8435306740929
0.7250108336380279,-1.8864196293145978,-0.5226050565604489,-1.2161200437211932,0.8614051173851713,-140.5435177381284
-1.3412680392729524,1.0019758434872608,-0.8978933120426517,0.11985354157691568,-0.7306505439629829,-68.87785601711259
0.5994298962346911,-1.3587298533731305,0.5248477597176843,-0.525092330300771,0.4475789750229241,-50.06574410305862
-0.6072478007836116,-0.5397547293909213,0.40599318044996446,-0.3835757778247869,0.5953613491475066,-66.12223595565129
-0.7344353589551588,-0.9149345209444496,-1.5077162113811708,-0.11020880348171629,0.2240715843634154,-204.22937237898702
-2.916137996479219,1.0760015952899784,-1.1491080326115737,-0.3517839046029924,-2.0888473146152977,-232.949297903049
-1.4952603940589586,-1.1907747227103245,-0.27066204989018594,-2.1061169209843937,0.17898305813265164,-264.533363225257
0.7441275125805649,0.6645926034568209,0.3333959043326505,0.4909479922209523,-1.2753393142137228,108.07991290241098
-0.9280803296493016,0.16553537346693198,0.5048182868241833,-1.0618884718114867,1.256554332144033,-19.15344654644027
0.056449477399800906,0.6512337010338453,-0.04670858162729943,1.780645034582907,-0.37303362313336946,84.10425198862617
1.8816442909589988,0.8190393382035616,0.6720171276747858,0.7535930409079483,0.8697829149836883,279.52354015170704
-0.9933501203607444,-0.758212774061756,-1.469683151609004,-1.1926921975439415,0.5610725636229251,-219.7858451905297
0.4174986076430918,-0.2754120612474029,-1.2254235225696446,0.43152087545225865,0.10272646697059173,-41.48075496563803
0.1657017942620799,0.539261971182767,-0.9830865757135381,-0.5308824758410264,0.40622670811483796,13.08731774103206
0.29109381524413885,1.1932928333201152,-1.1379434041516132,0.4015839833264265,-1.1110909038420083,53.47726127972841
0.4842638248826628,-1.2971225299095226,-0.7676583257625372,-0.12399003732229444,1.2126725712266049,-88.66615605452364
1.0365213329953629,1.3794296073851202,0.7932352499746349,-0.7767239401788332,-1.0531946441709805,196.7436960201938
1.4233887973044625,0.9859382137561246,-0.9639144162292881,0.19230923157060895,-0.8008701353289983,130.86137308549706
0.425429399962881,-1.404862822408718,2.1060112776368167,-0.24836357994989897,-0.4337515643097311,-7.801373061852715
-1.0201445187069533,1.5944555622721415,1.3393340392827473,-1.1284442934815055,0.6829057768362117,125.46931444158652
2.1467866476577786,0.5394558186571096,0.6362831999051642,0.24730544666029294,0.6704505466386147,258.244398315796
-0.3423371013089271,2.791849128131014,-1.1141588234656445,-1.2843259366218558,-0.012497361681034352,144.74120914904742
0.6388684908685615,0.5899255635273051,0.7408250371754933,-1.3342339812379476,0.004265255553317422,110.08297439038398
0.5208582142552914,-2.3473334326911983,0.7586825823907056,-1.050415238884708,0.3601220243638299,-144.4586438752014
0.8725369824834982,-0.211959243763763,0.5757715318721854,-0.22714045839579222,1.3714533397716457,102.53478530927688
-0.7092966571139384,0.17831836617232186,0.22320029203577385,-0.24047289083247628,-0.25318522212879674,-36.72218194189041
0.5395704491999559,-0.9710824741023643,-1.6013796234206052,0.3296062024953229,0.666778180573131,-100.2901670061043
0.3448988192824752,0.6891292314448734,1.2493052560185667,0.010885332167230921,-1.3217991382563823,114.31703420439499
0.6740289557160369,-2.7518733350738245,-0.35455334937470895,-1.0467794663000336,-0.015759119065426846,-231.3417737676712
0.12288661654570834,0.46815413426625424,-2.9678682913528482,-0.7996909228533097,0.047372942396478025,-105.07135669201494
0.4600781434087243,0.056571298485806595,0.17974494745309597,0.4543316975566728,0.5197040183193881,68.9079147717347
0.5813826753867964,0.7505567601827275,-0.875343603453402,0.6014519926502395,0.1556989135018315,82.92815621863579
0.040150657079304986,-0.9291955723209386,-1.8461574204892914,-0.01566441607994582,-0.6186772628036911,-183.1368739347863
-1.8299569768166788,-0.8602541297408064,0.2855452147387539,0.8153195807341949,-0.9169013794034117,-205.24912469214695
0.20552637234056045,0.04775359737679203,0.8180920637468636,-0.12820349948066023,0.33393464306927256,64.30042361750583
-0.12843898629876166,0.1902349341445274,-0.552655847057117,-1.6637258899361682,-2.1541662422591497,-102.9366579798227
1.1236112066651498,0.5020202649433952,0.3709681532395403,0.43398726648756497,1.23563672479266,183.81086218188042
-0.9111507524030776,0.2646327704650976,-0.33315034342078,0.29002440635169235,-0.3130718469275651,-62.085571230190624
1.2202674870787367,-0.9765386119123451,-0.6244620173062002,0.4666333633874137,-0.624105949565003,-32.651030726334355
-0.9926205266008125,-0.5761201860558801,-2.0572379727849954,-1.5252038533576406,-0.4915990556906747,-263.6180826612811
0.4634693160081617,-1.6759445068184653,-0.7183573178044979,0.4074894014478324,1.1770473817820444,-112.35012880136688
1.289973600837584,-0.19372643827822575,-0.2792739181288695,0.4032669840598629,-1.2207502129789938,42.71632958832963
-1.4142302282767378,-0.20283619778942746,1.5754602388772927,0.12411155822563452,0.40824781120807685,-35.09743762722012
0.7580420112522358,0.7926251409776657,0.8893549858895439,-1.096269370971464,-0.5872474015553808,134.01728760580644
1.0664903894640656,0.20393736619487318,1.691273652834812,0.6017145891904807,0.20495580283713466,194.20232334289733
-2.2423099677358116,-0.015439885527130146,0.9575803779201643,-1.0505917756525072,0.781734140119077,-122.25779219170963
-2.292107584234638,0.7630787229423536,0.2642709446477208,-0.7275807139159095,-0.07861612915911957,-104.93041880660057
0.9979639655945883,0.19360565371252772,1.5579308357001147,-0.21838848535336008,0.6276488842677946,176.74926676774604
-0.25361396141052023,-1.0917001181036399,0.8486532894309557,-0.012787117355277081,-1.406010640464802,-109.69405926517437
-0.6666232626879156,-1.366241493852253,0.8806366296502997,-0.24643662942380834,0.22914909362668093,-127.55378972534253
-0.18858254620913037,0.04045366991037612,-0.7286090593974132,-1.1836898787899903,0.5494462708110353,-54.02138599821968
-0.3672102877096374,0.6145285820434425,0.9641933062415848,-0.34430333781914285,1.6968796053814001,108.41817379767011
0.28769190769457004,-0.7426226083677384,-0.3283765062253578,0.12807179390467985,0.21643147904652824,-52.61025845321637
-1.3776419957244521,0.8518370907153862,1.8181378587679964,-1.1594050042527992,-0.4466456430703562,27.802075323107317
1.308518264454005,1.1577619890617739,-1.1606517987302776,-0.5107445300246428,0.3527051412489468,143.1692845243592
0.7327923528116462,-1.1096418203413694,-0.14069584760338655,0.6290003557072253,0.614033883316134,-24.133230460210896
0.7568729507127423,-0.6947142282070546,0.030930865543150155,-0.30661002146478156,-0.43551663266981877,-20.549412316258035
-0.4030337539035607,-0.1843141787524175,-1.4635688207208732,-0.8553146740677842,1.6622442965676107,-91.61455062765165
0.38925387990665133,1.1320899127895048,0.7216902619798404,0.05419832935377595,1.4319240269568576,199.7831636352637
0.5851380936391696,-1.187785683614783,-1.8431372953081075,0.2779990231054949,-0.32534466014132457,-152.91061964236673
-1.2904799743456479,1.653915478387936,-0.22248962329894525,0.020838217500048172,0.5613092730255637,54.722556109707114
0.22568295522030307,-0.3834500246983987,1.4369376323991299,2.054813371237604,-0.8314349940506824,69.66604353657422
0.7216367482510693,1.7792951137130728,-0.35823822019716656,-0.7975179434680649,-0.5229394929345749,166.45161191445803
-0.048563079684533585,1.2626663251535328,0.3051753975585846,-0.1311046598695527,-1.2016532696112432,91.23417075705738
-0.9642458837765442,-0.19084063720727507,-0.7894929575679295,0.9218281626656266,1.0313795964276522,-83.53004243481094
1.1258336987850923,-1.2297883646165888,-1.90849692685699,0.38668881623802936,1.1356671677067236,-81.9993867316947
-0.42001342729360597,-1.1639042458988944,-0.3788098779006122,-0.17389634112047178,0.2973547286340833,-148.50198597493406
1.3097716629741454,-0.4068207303586611,-0.6898441285281557,-0.8014015792029443,1.0968168933962554,39.61806945104941
-1.4229550910723092,1.2857160581437452,0.581819078004494,0.08130474410775673,-0.4241449365538567,27.740036836521256
1.0912288749798535,0.20585248250390553,-0.3309513273425539,0.34822381081994425,-0.12354779853385754,86.76550084647445
-0.8080551860781097,-0.22249583743626092,-0.7758822720517837,-0.018653257062750554,-0.09110592543644064,-119.22631819508543
-0.6528973361394771,-0.9174733700604301,-0.07705594645655607,0.23166308507436095,-1.0510434387671874,-154.76632331688023
0.12514547499668252,0.7489571684838789,-0.12602645852598976,1.3870670129813354,0.5982573933037798,110.40156479735637
0.765490240280289,0.9336607438767975,-0.19187545758577199,-1.5857805816017834,-1.294533848627009,68.93054372864502
0.7224240047048206,0.22145146181650088,-0.8542661571019339,2.3217008101658894,-0.06073541069057195,74.46759001428019
1.8272103705015181,-1.1041357338860975,-0.7431976474358623,1.336942996124248,0.3486667283660551,35.406478417755935
-0.19764760865224124,0.5127204751644343,-0.41586723043450424,-0.6441319727779078,1.1191253506288386,26.228170937041746
-0.03672630205761404,1.2945717917079615,-0.8753524454058782,-0.9801634787373827,-1.2189185130321571,22.138987592509892
0.14091207824022597,-0.6730781819460062,0.4434660773250858,-0.3317129529105996,-0.7564366183471175,-52.82499550884611
0.7433329817355654,-0.5591430246962235,-0.3469610644372414,-0.8687570483056128,-0.04417071803737613,-28.5870896250854
2.2514767006896426,0.28016887469976925,-0.8877091974525602,-0.5000788839645978,1.2976477896439023,171.4191329610814
-2.003792740230661,0.5408997968176615,1.1888640108732123,-0.7010480161245067,0.5081813335446078,-44.28213835872308
0.09669680449330613,-0.5755197787804938,0.7868913136939202,-1.3064476802589358,1.4649171029040013,4.916254495540706
-0.4616183715661812,-0.24441414373250697,-0.2558797246875991,-0.004801028975946567,0.1234334841558598,-65.17056440521634
0.10604761768159748,-0.4339062902230276,-0.12437258261707998,-1.2925316572293077,0.8676980142064769,-39.70296060002481
-0.18626780205680574,-0.0033246883913142867,-0.5822018539357107,1.4629437413296413,-0.7030883376417226,-31.58552151456062
-0.722369868769011,-0.2685436035383964,-1.1284939627879427,0.5650580524000559,0.4390563579803216,-109.8981955180918
0.5604012246452308,-0.9864934130991039,-0.09576537136488295,0.15042606586859417,0.3085656518536745,-40.27705140326055
-0.08334147337735494,1.7410713867484504,-0.21570907971041425,0.6469076737402989,1.8267735290790605,194.83088421053142
1.1143748710479406,0.10325283226885376,0.2759536520601495,1.3483895628510691,0.5896304301915484,144.60215496396935
-1.1800066137951573,0.0883310489744308,0.7401199338495845,0.7737512394848203,0.38744356204856234,-20.13570833182758
0.2022575212550236,1.409113726157677,2.017037035198996,-0.27114698365988354,0.7848545211470591,250.5112584840017
-1.1902450672580251,0.6522030179756081,-0.10962341993732679,0.99472165698696,-0.2386393350996927,-22.601633487743143
-0.7697050344307002,-0.34765977840873247,-1.3741728396667767,-0.5273715010176594,-0.30428897694111795,-170.86047056874898
-0.2584705710261453,2.682075233404254,-1.1533852516657621,1.2858268665429216,0.8536883008190607,208.80602320958553
0.6394139996506496,-0.9127375572047038,-1.5781943669838883,-0.0702289714495118,-1.1537681370311947,-138.60265024907073
0.38428453422475634,0.0669172970958307,-0.3735390129565569,0.36277215814558056,1.3968411956541984,57.478518317448895
-1.538474496117696,0.717956624253552,1.825521336023924,1.851021142067766,0.020566861995625026,72.36923592425495
0.6301739540558714,-0.8482798740862412,1.1483873391467743,-2.439994803538302,0.23462843472629225,-13.883769936822695
1.9298552056735108,0.42420172421903624,1.2569793711968598,-0.796037560974799,-0.11243804039570035,222.88270401618595
-0.05997677168838265,-0.7768912994368219,-0.20083032278646853,1.0952030250804252,0.47214370179623094,-50.867457077487686
0.27142360461359877,-0.5334728333103301,0.1848506027983211,-0.07590132120509294,0.44674697297836086,-8.931417146355912
-1.0044850734431305,-0.05181666529130805,0.06729096134194358,2.3474652699485827,1.8013147835793353,12.385565394537327
0.22465053698639503,0.6040708658243439,0.2717516080806338,-1.3929469222995874,1.2197619691667383,86.8446892824505
0.4355179964845885,-0.7595193702918606,1.749470809570744,-1.7085853755151836,0.13874704515912817,19.71740409958518
-0.052276046364207504,0.7348014237967778,-0.19082333132107865,-0.6124785094300259,-0.21097344587248307,35.557721349735836
1.390249689213342,-0.6862547760323627,1.1729040529994619,1.5110507919810037,-2.2740538984463496,70.92365819784564
-1.6884848876757537,0.8856007409466552,1.13750268156309,0.6670727949651611,0.26924836165981175,27.07944504806749
-0.24494059808966293,-0.46047353509525757,-0.22838651158954662,0.15646865877424704,-0.5066020187886748,-79.3509742593161
1.1217065963643447,1.789237228381891,-2.27408296201645,0.8252985847977993,-0.8536786989599298,127.81361560015635
-0.15960688336548629,-0.08680132644408985,-1.2653382991061817,-0.8928228305836907,-0.6077862292790622,-111.62474307338708
0.5097201881187033,0.4105076981447716,-0.6392001888743758,-0.28245245412203934,1.1617187485878355,66.68957771614626
0.5747413653026916,-0.25167952373762364,-0.8932074437830277,-1.1091411063227339,-0.8645769760963914,-64.44742691886967
0.21556100002076692,0.04530686291045943,1.8245855431502396,0.07034799910204131,0.5438461689915467,121.78972613329955
-0.9482771414543507,0.06350287643008347,-0.8620103956133066,1.7805592881329853,0.5360857708785959,-59.19752912743547
1.4238019318535857,1.6857185747402648,-1.9280823984946815,-1.5259870864489395,-2.1194046602209102,82.40744360351749
1.3613216223225186,0.4555116752285823,2.3068363759016597,-0.9692223061534069,3.2143771445928597,311.7635704101648
-1.144265612912173,1.0176387027533869,-1.152926409999077,0.36550855568072044,-1.5958716591072315,-81.61096633339274
-0.3781541269527759,0.31564545232057956,-0.33723844852633533,0.7874688819867176,-0.5615104999562571,-15.013271247720493
-0.43119698936492046,0.686873091846272,-1.5721281428313632,-1.0466959654666463,-0.39942293608760143,-75.5306677503568
0.08483758885619146,0.1316307064626559,0.6389632624502611,-0.16545478725798762,-0.8888608830708723,23.67677915858728
-0.31826590746080935,-0.3070920765010774,1.9038139566854906,1.533471458328915,0.9579645198864328,92.4003922476582
1.2954379903452071,-1.0320707161952527,-0.3600189067310685,0.9358761518750132,0.1442671184778629,8.215296734972739
0.6983816274331967,-0.8929692989749113,0.4830006756933099,0.3027342807642144,0.042696219753049096,2.2673090898896646
0.7330200925862003,0.6357129192319209,0.8325024573928661,0.26614305013564604,-0.4621080226060983,144.1889291440233
0.9724033060216178,-0.35284180688852373,1.0197960039869496,-0.21706810174099372,0.05437050986941975,86.65986839677838
0.8882936795740795,-0.8779039094276826,-0.338522080028088,-1.2690771285550058,-0.948299389366713,-75.35493437607352
-0.5880606082733877,1.5345977235354433,0.8682192796081123,-0.47069450717173056,-0.14124060355190296,121.85973734411806
1.4912859420779068,-0.4105263223547513,1.1364635189988774,1.794950499348954,1.5160072412417156,199.05780068752227
-0.21473778200101118,-0.8466806105386779,1.863646756885011,0.6623756899738833,0.36720986829584584,19.449234331326622
-1.2306148525354719,-1.0944333541060955,0.06950408469938259,0.4614645976267764,0.08703887545895644,-174.11442624241135
0.02013142133603555,0.892776589255475,0.5410884029338714,0.9353864816889802,0.09371501486950072,126.4587178650861
0.06514500931057843,-0.8404045360459169,1.1025259799346998,-0.33973321952201296,0.6033876522520109,-8.717714773010272
-0.8834467479127888,-2.422007647588698,0.40290373138481783,-1.5103818854619884,-0.16737763454292143,-293.5851744374908
1.1297654208657943,-0.9863435238610782,0.4033779052086268,-0.19384070997813227,0.5229922061841445,24.50937035527447
0.666321192474915,0.42146467088010664,-0.23894603280210755,-0.4461459165824786,0.07341209021857299,68.72130440033422
0.6811189405361932,-0.7375125881476489,1.0174054031769544,0.7356639014748754,-0.8934996099424828,25.59488477488756
-2.751998261007929,-1.5875305111426568,0.7328062467258895,-0.9668150741714547,0.11661789169886795,-324.932597556078
1.8377953445236264,1.987900761133745,0.010412736010222383,0.727636153855061,-0.37279479693793177,317.55289709848785
-0.8691895173060094,-0.8100232997343817,-0.7293393485411045,-0.42706868554619176,1.1209237644628647,-151.7404071438135
-1.9734556239372385,-1.3336292631679973,1.1693007824987527,1.0282224052464728,-0.03718557781028443,-190.15536510283067
-0.49851741274128075,0.18684860251335086,1.3294326654783613,-0.06757765627968575,0.4724439230804601,53.485797676802115
1.2319251641397986,0.5361457579603413,0.5391462922964105,-1.0785117510111923,-1.3029952077839364,112.44771921995041
0.2199768131819179,0.26199327350417195,-0.09093749159179056,-0.642349989312135,0.41257867617212307,33.19553154038382
-1.1909204018536823,0.6566699407354607,0.055872647766338226,0.8322885106030199,1.7895680100915394,32.14825689368939
0.25000200526575045,1.123906020866235,1.2791857298834735,0.5631930401565575,0.30570602099888206,197.44767469449434
0.7149094222876108,-0.03949731053173481,-0.10087491822718865,-1.1580668642448906,-1.3130122380287228,-9.245700417673728
-2.626061140993305,-0.8911762923348482,0.5988613335838717,1.10182992011612,0.5310447252850777,-211.19810684588683
1.6812199078574317,0.021780719819651764,-0.11115508532563273,0.7460021288936788,1.5648130840260666,173.33386373326027
-0.7828335203606642,1.5190322408933017,-0.39596025002451646,-1.7497515800059458,-0.2501730819948502,18.935479263222433
-0.34713297089459555,-0.549294429847766,-0.46348973957518463,-0.3387068807689228,0.5028873539743869,-90.68301434385577
-0.566109797324941,0.506550627206172,-1.4425304526132303,-0.5201324962267364,-1.165673086321235,-104.1490895559225
0.8019612351713774,-0.1306395327174787,0.338675907242632,-2.2979490934565505,0.35496037710957506,29.437015817566937
-1.8111985261609438,-0.4857663971349085,-0.0373187387221231,0.14463273660879394,0.3669727343774545,-167.29813207330108
-0.8523605844911016,0.16368978097206122,-0.4429180960028804,-0.43927748873425504,1.739893228590299,-35.49545248260104
0.7968511856007586,0.931251466940425,0.12216584209780329,-1.6606469285360437,-0.30614514313319646,108.78549291239673
-0.2516478448595389,-0.633239272113967,0.8936893641172504,-0.4038081355232819,0.29875991850182154,-32.411200029766874
0.9477585277076098,2.2696245515572877,-0.9268432594479782,1.06987134963303,-0.028068363566898635,246.7261602383084
-1.4661179870038963,0.6077771121877579,1.6143366468624025,-0.21623595182586605,-0.4208827043164544,8.209949346975563
-0.779352952784969,-1.6529176119007953,0.6008976903752825,-0.7543403729415423,-0.08960706431585302,-192.0463124472363
0.32880485240176754,-0.46247769531170313,0.8324146379527828,-1.1900988294608401,-0.605893005427936,-14.093011328211528
1.6480659222943637,0.07001996530092146,-0.324127255181198,-0.5570145893747531,2.1047652589886385,153.67883936024526
0.47086408635605365,-0.03675480320768569,1.0469908585595802,-0.2262566209822285,-1.1183703521812836,50.06151870534576
-1.1338186699560604,0.5889144745928782,-0.8127666801801852,1.4975012455224648,-1.0865069624574653,-68.90805044865442
-0.3084221271411493,-0.01982419136851345,2.6117601436305518,-0.9350009699021647,-0.24370117746772865,76.70197661590392
-0.3134787734957481,0.21626637724671618,0.7922575701282167,-2.2448963692798403,-1.1270458952280187,-35.88081024435917
1.4170090999041565,-1.57608922287003,1.3561096586556562,-0.17184506201225047,-0.16384308225083505,22.601972898299124
0.9293654007308015,1.1989423997146935,-0.32906020403542613,-1.4614445942656265,0.6772866671443356,148.5572631112191
-0.17204050236587207,-1.3812758644228391,0.7250120871435843,0.8821164620447097,-0.17782550730498434,-88.4389065604777
-1.2152179419556888,0.3019568330094261,1.7713966763263875,-2.6960926846326196,-0.6631889666439214,-45.38657348372317
-0.058640663334916306,-0.6640325159650678,0.5073336756705097,0.013612558114761057,1.8209070929472717,5.710646152315178
0.45516842792521134,-1.1720280023370422,-1.183229566585779,-0.4082571570145059,1.1552204907831114,-106.32624470428766
0.0056921987942432535,1.033548333894487,1.314293607990673,1.4469780647694448,-0.6328162517830821,166.70557113014718
-0.5389451391317709,0.7526194086865099,-1.501284554154066,0.5442900375175361,1.4943823043725148,1.88456745705534
0.5978199531489534,-0.9944529924851248,-0.6045735064114658,-0.1471231208243513,1.026625507113899,-50.58248083771022
0.963772784098523,-0.14298988633055174,-1.1022830551281622,0.7353561196217947,-0.6914041760422063,2.910169461224072
0.7936347760093247,0.8234870984314903,0.15556445400739694,0.6860550623157813,-0.8234349185223729,132.05529742018481
-0.16076704568597794,-0.3763878900274006,1.0510914876290796,0.12848062960339732,-0.4487159909519316,-3.6187238237841406
0.23207669968251068,1.483836843500545,1.8884683087453593,-1.0838708176753042,1.4756366941075225,254.80368931867156
-0.7028204741308748,-0.3589439236310123,-1.1774512659695757,-0.27066582122599353,-0.22221580979744043,-150.6780155149738
-2.131419761686965,-1.1323939486611088,-1.0609158944433834,0.6813174826038569,0.4921406449901138,-284.1683911214685
1.6215062477557776,-1.2434470634985646,0.18119796931255863,0.08577602080038284,1.7798783996251364,63.437368257554596
0.001494556350358918,-0.4740446856172765,-0.7115959755578645,0.3837191671672514,1.9569286436473827,-20.951850928169492
0.31934981158958464,-0.46229686824315896,0.9476930570231092,-0.7105690562524585,-0.369287682114314,5.526738905669717
0.4086585769267427,0.20278576661968736,1.1506091375438736,-0.7413788917156349,-1.2615735397911243,58.486735039663806
0.2153424739930751,-1.3905699333321984,-0.6702637588581476,0.3606565403054792,-0.24495004225914288,-138.71173231794964
-0.9085456976029804,-0.5936612718880081,-0.2580186508755563,0.06108641753662696,1.144459796175657,-103.17445017189486
-1.003832598874973,0.9780839383073123,0.7298128096510237,0.007582966671498112,-0.6999483612633632,30.414957779761863
0.7405321009181091,-0.43406525701473847,1.5828245124685505,1.1990015238747804,1.185552241352315,143.44698193250554
1.6397656111227674,0.4141730739491123,1.1695624555581383,0.8068556133783212,0.345338563331698,237.65298906103635
0.13403250442089734,-0.6013715739198846,-0.9425513438267197,-0.4170760513129197,1.1396179591894577,-68.49779519575006
1.703174894358796,0.921942930075642,-0.1942426318745581,1.2849343319070816,0.29515008635508555,229.99327975903665
-1.1214631677089377,-0.9588998185293116,-0.5152570259061797,-0.9222307693808913,-0.00972863811865532,-210.32680378516125
0.43676114709429453,-0.5407798917683154,1.0605083281919625,-0.6238900393133386,0.4637076022357622,34.62382934130075
0.9391898724922069,1.2889477129876408,-1.2187926369243782,-0.6455313517827314,-0.6000273648575439,98.88354648730946
1.119252416829653,0.8341789805709606,-0.10716063348519742,0.5754430007062289,-0.5208588272008814,149.86613052500772
0.7848941596012887,-1.0103914606037456,0.13853926289064802,0.8193103826096118,-2.022267110454323,-58.946995364016814
0.9685138231846615,-0.6036191919492503,0.14492110322248697,1.815091814765448,-0.21374124552539245,53.95259844260181
0.6822758157517224,0.0077467331202953835,-0.5253532022681104,0.3708705506753446,0.7186205557486239,50.615989513090945
1.1591251770641753,-0.7667423605675169,-0.5096703933049618,0.7495968315639869,-0.6183561079516666,-7.611888992395933
-0.12164064796837525,-0.27032301769057504,-2.1390455670796125,1.1431904218442952,-0.2337703943178281,-119.44947249836471
1.2056503635304585,-1.1986554130641514,0.16439130309585778,0.6669787772959093,0.15675277608912047,7.096937123517435
-0.4756395174092951,-0.9805967793156576,-0.10012982485647527,0.15543636701653182,0.9948870696088706,-99.80142084503534
0.8722382121943291,-0.9119974383976936,-1.1326394367079748,-1.263333872402866,0.5667155771329276,-80.40419726473381
-0.9518051703091116,-0.20446843682306315,-0.018214611901531168,1.6723752156126421,1.1834438296406438,-29.13341611037639
0.8659980077515588,-0.6183854594953687,-0.11846518133554712,0.4967231570916404,0.6118253448856981,27.850050854434613
1.324427748602287,0.6871290259321899,1.2624298529481779,-0.38093054838291257,-0.1284144197570701,209.07067239576173
0.4100936193618643,-0.058755530008275283,-0.40506022329101476,0.2683491798502803,-0.8830098836531888,-10.74064530734973
2.5151659548863017,-1.2186186698921384,0.11884656169098468,-0.29047064895466507,2.2992376224969813,134.43468593400397
-0.262246568685452,-1.2586042945257243,0.6271577807768846,0.2667642441531665,1.7755294227424094,-52.75498660053023
-0.5911589123451102,0.3133439202349523,0.898870812223479,0.111575979400548,-0.45015980376970016,18.10560837703605
-0.5573757241770462,-0.08873664756292741,0.9779149211256846,1.7279262661485675,-1.5103302190047843,-6.81613478976911
-0.6054622220318997,-0.2748014680247747,-0.6359727075887525,0.22788908019120224,1.341406474939497,-62.55415905938915
-1.3571081375257645,-0.8841003351925257,-0.32027861536184093,-1.327162065587062,0.4488034182173492,-208.22504499826326
-0.4227139031592755,0.8609841132571829,-0.6247563983936935,0.025982643899475036,0.3836413460884523,25.121292772817398
0.2527696369397178,2.00394569011384,1.2184277778674553,0.043091424069766446,2.644716693102309,320.2170287773084
0.4754727001209321,-0.7116159747677909,-0.2241201012813497,-1.6010142040957098,0.16575727985626962,-64.71496654266696
0.18589214775600219,-0.20362615440693507,1.2327322137830194,-0.6024506638710497,-2.0530260945874246,-6.872785616464501
-0.17182061468827622,0.1275458302922669,0.6757475373571212,1.1471959233863993,-0.9216229427654811,29.946149209309855
0.12087946860432446,1.4835657216151819,-0.31454937609291517,-1.217276962966185,-0.4224943825235002,92.38145110845531
-0.3248995616768627,1.2464470205008724,-0.9637391418865101,-0.011943759824961478,-1.5743738535888714,1.8266816702129063
-0.16275977981575607,0.587282921765213,0.8307967409830889,-2.2667942033935495,1.716705190826474,79.10606938615396
-0.981895856384569,1.4232097762494966,-0.6664161622018258,2.370244706439635,2.723506034912768,132.85962880054456
0.19775024777174677,-0.3215112040896685,2.515589460494765,0.6187922491519734,1.1333602062697665,145.65137876968654
-1.7286660838091228,-0.4301533306432416,0.8443001001755772,0.662471832104439,0.12619550239230376,-110.26493881613237
1.2393162465768375,1.1388034172565116,-0.3524744196152935,1.1736588750712393,-0.8933070680160402,176.21290755524188
-0.11514539832033628,1.73366683619122,2.449116188812278,-0.6967467477059037,0.5013008026567676,261.54118269690764
-0.33374804820121606,-0.5000376432531929,-1.695160142791808,-0.9392208884348755,-0.6751119368261451,-184.25146615968723
1.424664347022043,-0.5178570719063377,-0.8619334056244847,0.6846727589171011,-0.6285488464641832,15.830241170761951
-0.41858102263285574,-0.39045856031456305,0.3339035935399503,-0.916972567566522,0.3090401662049671,-59.371316871626306
-0.496868920396781,0.96901515346443,-2.209207982073304,-0.35226211523112744,-0.11283081744215456,-65.7447154682917
-0.945706136002096,0.37191709230700476,0.48502295800797796,0.08236989492201363,1.668723797279668,28.490871850566947
-1.5671515032960146,-2.518272841576024,-0.6411253864497277,-0.7628715822686869,0.6956039207198679,-367.5082749102433
-0.5227014306963287,1.0796505859702972,0.6447150508202174,-0.732262835685829,-0.943585246225422,51.12158113374204
1.660641083750133,-0.015905570908159607,-0.7188780151914399,0.9150025742305546,1.021233719140726,129.31847477633374
-1.2697266493451305,0.5390985691303327,0.4183074347143586,0.8735224960002846,-1.631388451250987,-49.59450962719817
0.13634998112722108,2.1199719227989107,-0.17070247753526374,1.633825385365466,-0.6170740476796759,205.72496134318183
1.0073380216105785,1.3086595684048041,-0.5713215001170627,0.44816173497585005,1.588432705410059,210.64383800246753
2.3359630676186103,-0.796268834648519,-1.2569796219804623,-0.4867888980092314,-0.3033003420428645,25.629552098027872
-1.362954842607366,2.8887078066475973,-0.7589756980548644,-0.3133417906845027,1.4425430083217419,148.5528382809177
-0.21807837792323378,1.163086206330808,-1.2232975381841824,-0.552227598692129,-0.20260359406482764,13.286267638413577
2.1605698933402393,-1.4202840681149227,-0.6200604582774967,-1.2194647552976448,0.28806841595555094,-11.623393486808283
-0.7452218478915718,0.9760821225116411,-1.1859135218285561,1.5817208217931722,-0.15324011437058513,0.7703646437210807
-1.3122830220031396,-0.6720751328953455,1.209120825202707,-0.5118285435211782,1.3777858185744554,-74.9737441886268
0.48800321923799916,0.11124641726788778,-1.7820684549258372,1.1891274579803242,-2.298255183353277,-72.96072857990116
-1.5686964778153836,-0.6059190193157014,-0.3259036816362951,-1.0544535444863357,-0.6094954821456614,-220.1959255552053
0.5202945363773179,0.20308490858447825,-0.013538890949100268,-2.968983177535489,0.8786054528595413,21.548303342025747
-0.5582041167659295,0.7185096412324721,-0.4534812602339719,0.7183049378602044,-0.7995546872091187,-5.25861633637053
-0.8490254217127793,-0.288978540871861,0.6991339508248269,0.2053425785930061,0.9449485196435309,-28.14397283794017
-1.9990920408776478,0.5839633788709442,-0.37776583098271155,1.5354828806252379,-1.3892435831476915,-119.29648106240151
-0.5198594771993263,0.768888863972731,0.2216450175002727,0.027989760347634465,0.15969427897476526,44.77477419865258
0.0013299211556400531,-0.2419486182986884,-2.413485349428995,-0.9862617235823876,-0.9208145427156429,-177.75675479046822
-0.49767020752583063,0.9489864540432918,-0.46394229492985656,-0.6528861863821535,-0.2330812482278953,7.241080446660845
0.2820075836769361,-0.9790673241320198,0.7774250041657849,1.788483538348419,-0.41137966906408613,-5.291182769134977
0.15738297601213289,2.1727720741236487,-0.7111227237619182,-1.236092588003043,-0.14297178511847006,143.77355279578342
-0.511947557967666,1.09362350252746,0.06697888149540727,-0.48105500401779777,-0.48358070374492046,41.50577328581278
-0.36251453556059793,-0.25648738496119233,-0.8900820565378358,-0.331949164890182,-1.020634372229924,-123.31391869406373
1.1924604494012143,1.3201096053621038,1.0032544142815991,-2.142644876728061,0.3390628292654394,221.3960078192494
0.4888362522034712,-2.6869968837766596,-0.24868890464643922,0.2942039559163644,-0.024558570385343814,-209.2417486059028
-0.785990365105404,-0.3139822565164263,0.48059403804337214,-0.2150737108502299,0.24827198190277228,-61.063290052984705
1.4440859663403638,-0.03756770867330328,-0.9361873659733134,-0.7389748931273418,0.831532831894769,65.25278171358711
-0.45137577040425964,1.0275172282290843,0.10086334144338985,-1.0865601118538009,-0.41143208297550926,32.12271505867642
0.25892012841846995,0.8131600385766912,-0.09271983891010867,-0.07465724101795632,-0.42806097240286933,75.0457449015736
0.3112344568095033,0.3757783768495301,1.5956707559912384,0.5754158016132503,0.3458349856440272,151.91894083144246
-0.6527438358242736,0.2638224157231736,-1.0252444926456474,-0.5145856259615685,0.09451438614949761,-81.27245097595791
0.0921723903127317,-1.601331705156894,0.010585782028066554,-1.3614429365882819,-0.012396652657057451,-160.68653140933526
-1.247486666521852,-0.040824716564396776,0.48951303135775687,0.07424954555624867,-0.4168327452886848,-81.36826330572251
1.2235352699855921,1.444372001954691,-0.485511134401322,-1.4241041329299602,1.950681998246794,216.44995716088928
-0.18244327814209674,1.4647537039082907,0.175602860086964,0.8159466422866457,-0.9299864769393864,117.50489104897882
1.8105295927233367,0.20184177522655875,-1.9189207324816677,-0.2044687980892704,-0.6597367478638123,40.27858556632384
-1.2354301784571302,-0.48346177508520494,0.6720322082189767,0.8096943477081279,0.025109984369532202,-86.4163847682708
-0.28851124448959753,0.6827805545801396,0.07244215403536589,-2.878229717848765,-0.40328180502541744,-21.254937943847203
-0.2643410591015895,-0.7667637273792458,0.6930344906422888,-0.5326887912665106,-0.9168678896560204,-86.91069435789831
1.6315867910741926,0.47261736171142366,-0.3061429220631641,-0.589317744453832,-0.602389581960083,122.30904729740166
-1.45644621704542,1.8115557819294972,0.07075586058704197,0.047044214208730076,1.0545757027123541,82.98444838817315
2.703239025135417,0.5783298583052106,1.6263941465993523,0.18879964538892482,0.34533486221338505,341.16772495775496
0.45463775984960336,-0.4372569285013723,-0.3118122870784641,-1.4839730124139328,1.1828953477870003,-19.05072041928347
0.2356806288416119,-0.4689770053908621,-1.6877444637877146,-1.3791528721585895,-1.0752271350756974,-157.0289987855095
0.3692101773954329,1.299537052153989,2.3122178162755,-0.2369345985311633,1.2114349297402882,278.31751850948956
-0.17365490225390914,-1.8478375854368119,0.27266340765987623,1.3335900935710978,-2.0218296391896335,-188.14633796289348
0.9100422555772059,0.1960930297232687,-1.121820494616234,0.7657529681058968,1.0337342591998848,70.80787475385019
-0.4919313272967101,-0.8292546481792412,0.09666699202401549,-0.6106000267634667,0.6878502020952352,-100.07059604685759
-0.9525122110447842,0.8610818456149126,-0.1406649227382534,-0.22060066059737157,1.102707229829718,21.975333124994734
-0.3092697596218553,-1.0962650460907264,1.6897196136086379,1.3061982675523405,-1.2789235493282478,-46.12375249015672
-1.6239014887150327,-3.1002732555639625,-0.6309473417738287,0.07054401139475192,0.35577109200290735,-415.5121115544584
0.18483475105841696,-1.5109478931541325,-0.09089680989256856,0.004591308048872831,-0.9546380420429877,-147.9946642671647
2.6428419113737944,-2.1091410938539283,0.541568589828417,1.2882964830771155,-0.35167220590366505,49.9724157653996
2.4128457979700033,0.7358070021569003,0.38568980890748455,0.7654364446692328,-0.0688228316078545,275.0710026896292
-0.2615306055070763,1.6848658536361336,0.10882608500321743,0.7163380755360065,-0.05656253243548634,147.45837911464758
-2.1208818157413862,-0.0624263224724266,0.46935107558035016,2.995744942878294,1.7490823645381435,-41.07854204613581
-0.8460243310808993,-0.4602307354361839,0.9000399872184878,-0.2208145685246316,-1.1733067797805112,-93.27675519391144
-0.7598293420475507,-0.2571225929601028,-0.8868601926230825,-1.4305710190901737,0.36724211201566453,-139.37720367139735
0.21290260167748917,-1.8079112387254135,0.7719008919421364,-1.8584690128473402,1.028838780791669,-117.60408931109777
-0.027708273365224044,-2.617724809910475,-2.1809741838064185,-2.0972543527566074,-0.8080883389301097,-397.7789935479158
1.512396512103808,0.7543742154440686,0.1887374073548424,-1.7007713415001569,0.44768062761023647,166.9028032736698
0.33429960303109824,0.4018000063875962,-1.0869346927622603,-1.7134719276205503,-0.6611624039618285,-39.89983727420823
0.3065127613515772,0.3034420276223672,0.09371967072810752,0.5653439374925022,-0.04740192151085926,63.57098262031981
0.8673979437963448,-0.548408734609088,0.6700021340409775,-0.5874805954335315,-0.6406829178368312,20.869095262344622
0.48544327591638975,2.1830112704516207,0.3819107862847998,-0.8719883364220059,0.6090924908582237,246.42497180251956
-1.187421145195106,0.43425095702009076,-0.44259160482803744,-0.6650636488684788,-1.543060701111567,-120.71595424492364
-0.5383052559616035,-0.05259513408731039,-0.8237380395709322,0.4999652833290276,-0.5124623584781738,-87.00898952382055
-0.26474045026205234,0.7010443994103722,-0.3580555691579741,1.339953576808872,0.048123624288739536,51.87117094878925
0.027211431009409034,-0.31351562377709935,-2.0320947824950037,-0.7437331262784059,0.7047357626456504,-119.6948866916811
0.28601190025732964,0.8701571697748283,-0.008625725890353873,1.6603396997235744,1.503973991704651,165.94115097155475
0.9288994125902437,-1.0469901480555748,0.595767903248267,-0.5994860416438894,0.6669086849949698,9.34186944170385
1.8922387654400563,0.9569299475668319,0.44027677815554983,1.9464327763650768,0.9033690765946504,304.7136314552877
0.9239402554366557,-0.08840316942819142,-0.1233644780666484,0.519421202574479,1.6105597753114815,103.7671914684508
1.468704900098718,-0.3819078851258764,1.85003922290633,-0.6631605600789062,-0.8354998857798602,130.3775521915884
0.006649652391931216,1.42874658413537,1.899923048491668,-0.4110889476979792,-0.6880850249510648,193.5621725836086
1.3229556069955226,-0.7546665456568423,0.16747810187548146,-0.24565313418432108,-0.5550567118487331,20.789180638294283
-0.6673681623702098,-1.7281643022347961,-1.2701136268069075,0.2728663863001599,0.6034811654159512,-243.6145665437291
-0.9062776130517927,0.22625131727096728,1.8708716964061634,-0.43070819693151646,0.40775616678510607,44.266450070535704
-0.21031126447483153,-0.6230848939730645,0.219985226918986,-1.5394015536953378,1.3197316312997625,-57.0533546483416
0.05796047674137723,-0.7017199683386012,-1.5016215303357465,0.4818617990534095,1.8565794205345172,-75.34241768277872
-0.18313581102875598,-2.22574651477252,0.13580042902689587,1.063715588335916,0.03380351357888768,-183.785192763593
-0.2374857512384938,0.2870932164181552,0.24042789777320653,-0.9310078209233891,-0.031273688046469475,1.124488907958444
-1.2042181309476891,-0.48487257865461325,-0.6734383249946713,2.1032613466281713,-0.3786726630347384,-134.0827200791909
0.1348619336190665,-0.8981245120082341,0.8126289140920255,-0.030178829880924567,-0.6448912115795417,-47.2096438148106
-1.504676148277164,1.180855737796387,1.0146988658657543,-0.7359585116652895,-0.780527445977652,9.003290195053097
0.48423320200344117,0.4407894783363442,0.2711687862147628,1.5049370109332474,0.623019260415063,131.43862200789434
0.270217767822742,-0.7476299915318734,0.3691099574736259,-0.7873462273450114,-1.4317307185214827,-78.48437094844758
-1.357674059017506,-0.7125347901728534,0.2395180076490331,-1.3026383810496969,-1.6330741021938657,-216.6832646847809
1.3873193699508228,0.6686804132219962,-0.3828897001532383,-0.4881549355798264,-0.5985130685888541,119.95493317298394
0.32964555106230314,-1.959247907176491,0.09979430405651805,-0.7047975816379332,0.7593224951645471,-139.41232630550417
0.27903643514131266,-0.4117663547035825,1.355655881921451,-0.6099514513971213,0.8859025762572905,59.079268989295535
0.4114987003670723,-0.5029177477502559,2.716680085238799,1.491595024580676,0.12545115009000732,146.7705098396707
-0.24088491652105223,-0.6898209954330201,-0.21377895909293182,-0.7947123099675654,-2.1524328340526178,-156.79390091657484
-0.5228145806102279,1.1060449701705257,1.5223537204748194,-0.7592635491402921,0.44763531354727604,128.87940707198922
-1.8942281201931768,0.46923797496574077,-0.2367010120424574,0.8374518584372014,-0.9282124368653134,-116.83233817640192
0.041925263825835404,0.7372173548725878,-0.36021997009119894,-1.0454457028934547,-0.83829665923168,11.186239490894692
1.2959261434728424,1.5446464754272646,-0.45228280030326884,0.3130528686779572,1.59345393031658,256.2247981772572
0.2722569533373473,-0.8932567629966852,0.08411772293250505,-0.916302322297196,1.1171680818709895,-45.03545097063085
0.7137769860097396,-0.5220409811719807,0.5192097161713063,2.17881956977112,1.2797608033708556,103.54485909909725
-1.3230058398677553,-0.1822276063948552,-0.6741122023911071,-0.20681919943740412,0.7667647996334012,-131.49115037195517
0.562617919325129,1.8648525206110402,-0.5400060863369484,1.3038749885357408,-1.335653562216204,173.23313893978457
-0.24391380495717369,0.7624190084342954,0.23698215466105968,-0.3150657077176047,1.6314062379603667,94.86610908455151
-0.1302193424116672,1.4116573211467731,-0.5516889562514584,1.1324565396542543,0.4467163592423431,121.48059557960099
-1.7953346040798732,-0.5405503716834933,-0.32234175841035567,0.5320580970603249,0.620022486305235,-171.14343617993092
-0.9713118723107769,-0.08802647502174774,-1.5615283743989183,-0.42434294976594394,-0.0036071193742495864,-162.41494659231097
0.5137883627083332,0.6815200307986541,-0.1816356858412204,0.7697745872899249,0.16494203959247647,108.34116868000893
1.8110539693925067,0.3431578943633795,-0.22331250745394654,-0.4377982290460744,0.2549597782440346,151.85670935234765
0.9117157097634581,0.47827102253716036,1.3666016680607826,-0.22694268423695052,0.2425469498865069,176.91607784634812
1.910046937750135,-2.106816864664546,0.8199323000389206,-0.006826799574929194,-0.8552214408380877,-27.414063918685798
-0.6708059062863122,0.023634003354290292,-0.2830266625906091,-0.9586438377233426,1.7435000653659163,-36.5180817761764
0.1404678009027545,1.2367806904787924,0.6558098004599313,-1.3695789883258553,0.2713722357697767,132.39289897235767
1.1093587999475492,0.643804467176779,0.8015198770525868,-1.1992258331760939,-1.261167548813372,124.22112491308691
-1.022350231287094,-1.1976252828148406,-1.3368361589305862,-1.9310289857406107,0.5866903324358073,-267.8355820629542
0.13939628352756359,-0.9385956583832468,0.8034128662680392,-0.4885475625278141,-0.9244228428698621,-66.35135459442232
-2.554280240752978,0.16670247306836472,2.6110579071990623,-0.39811520417139823,-1.2651401295185514,-87.90150679361732
1.361743081513423,0.7856643495060891,0.6301979583859822,-2.3376814055888264,-0.7343778954478192,138.77632319049468
0.35223808521311617,0.5124150328968929,-0.9257926174574286,-1.2570594128923749,0.521121665632676,16.40861625721822
1.5110874488232309,-0.12668319103577416,-0.48917837226289496,-0.9216382817799317,0.8611107321183861,80.95659571295575
-0.7334851870448345,0.04902422514799304,2.193516304170668,1.9060542313720132,0.1410510368110933,94.16012147330015
-0.7255164972369291,-0.9835489046968988,-1.0063104346542733,-0.621948453650217,1.2067628164942281,-171.3084191497529
0.05264492999008133,-1.1004478667280997,1.3222928276824424,0.19238750901196028,-0.32089028035194206,-34.7956886235532
1.6442265583268387,-0.6529431139973101,-0.616565122360255,-0.0738201717640427,-0.6143358225897292,17.911663551506685
-0.9900993594179024,-0.39224844973065265,-1.3202990825243244,-0.6325993435881729,-0.5860749216717636,-197.42093711876143
0.45769586833517856,0.5963689969949257,-1.54023383402833,-0.664866662700663,-0.9825002417757757,-23.299283497931498
1.0374140028814303,-0.9322818340281804,0.12740776086996616,1.7936878312476723,0.977739773118564,57.751417157609396
-1.1585745519734396,-0.2597551437716334,0.5460328373248776,-0.9729074125551201,0.3064004537167663,-93.5315443181605
0.6308655929064206,-1.035487936380355,0.6847013166433521,0.8448208514451028,0.8706020675905228,24.675134270843103
-0.02460943742583151,-0.973779234389429,0.5612718290451731,-0.011773524453838734,-1.3630521833561866,-94.94116554055945
2.226307805004126,1.6512539667352275,0.3829289012835798,0.2637255830841388,-1.2912438415566716,303.08324025504646
1.4162684426895715,-0.20199796056556127,0.6055285007326705,-0.08050432730876242,0.11016708076903815,117.03857539175056
-1.686763944800033,-1.8295068339773077,0.48635288655201675,1.323705979695744,-0.5582103020488844,-252.75502886946467
-1.3323725950866543,0.1970916321839199,-1.4024862637736835,1.2595802043815156,0.271027688578311,-117.87574034294936
1.2118366755341874,0.34190766446656523,0.5748471027143747,0.32597424667439145,-0.7895164121139678,134.37292282007002
0.3925771390927797,-0.8528649573681726,2.450709051342178,0.12628960254122193,1.545522490100393,110.62601858658607
0.27105276298840775,0.6749388170652787,1.4264637433062428,-0.5342368966130491,0.4701590517462776,149.58642488993993
0.7226228269641001,1.694209632976533,0.4865169790694243,-0.2964649832017217,-1.1162590764780391,194.27090697094906
0.3044456295517185,0.5120868672138938,0.27620166530177714,-0.3131365963311251,-0.4697181268034716,63.82657470596736
