-1.6361893397151914,-0.08740410459238752,-0.2505946627865744,1.4287491880729677,-0.4456382167817858,-87.48325881779601
0.3088111852168477,0.3550422546183099,0.5568447332346328,2.1458257937697045,1.170026395553005,346.8404347761232
-1.2130257976979755,0.6683936941362879,0.08504696160244592,-2.634698502997429,0.00956860462425902,-246.99714004012293
1.436637685804558,1.325236466493168,-0.22082961055961992,-0.4122770771319766,0.5256122689519611,234.49693148859834
-1.7431010685365071,-0.020378758453478637,-1.3535478240091463,0.292618384140505,1.955820828019408,12.840439410593245
-0.34552842022858044,0.1506455614918871,0.9044880691434183,-1.055797815062676,-0.23974269157764946,-85.91749586034135
0.4680465926275297,1.709291153923979,1.2292192641208144,-1.8203693455739405,-1.37407938775817,-57.68921417811648
0.8582437628079669,-1.4235545464010793,-0.7714976119919689,-0.370239611702329,-1.0277369334213589,-193.88585159610483
-0.3694683978165404,1.6868452610904472,-0.31253753791836536,-0.3214401605802549,-1.898632572007976,-131.4576202773603
1.0572608210678809,-0.668373449177906,1.8746244273251351,-0.25119423943199604,-0.6960529243759376,18.77758375309595
-2.035996094844539,0.014763631024875089,-0.21193443333468337,0.7808840022384382,0.1128849978140945,-108.55454705202462
-0.5610185142484744,0.7213104473830558,1.3295096671131807,0.2575989089666016,0.1747137845349695,92.60452132295026
0.18231257881380955,-0.3140618790384226,0.5326027150197661,-0.9427100543396175,1.061906682539213,46.646569794437546
-0.6875336283573117,-1.7129724701217732,0.17093658124769187,-0.21500984906157658,-1.3406780364375277,-327.349145710113
-0.877016123094081,-0.13821816770057857,0.762400611252311,0.11225685907000515,1.2406277561673842,75.7228262773033
-0.3160080416360086,-1.3698867383996287,1.0695468893900801,0.45209296465924087,0.09133664564586062,-41.22476797367507
0.9957532382028882,-0.19704853194000724,-1.1778954289773724,-0.334615184228908,0.19847658133141327,15.460668383887745
0.49468582273678247,1.2616323231859492,0.40103733109220285,-1.6315661523585854,-0.25376773967421806,5.915081180654865
-0.8632119507384849,0.06054777238940003,0.34278997367379493,1.4471000606733093,-1.310663330399492,-77.38844380262955
1.0875431869677439,0.005149601829531143,-0.4241897389367785,0.11307941181028594,-0.897491911605071,-8.325796543710178
0.7845587176346065,-0.06642874858878366,-0.5237587000185084,1.987447933548118,-0.6529106264913198,117.58827658233213
0.4541203349706443,-0.35875626311498626,-0.11592552560300262,-0.3721338543798574,0.10816284713214316,-7.652847870685853
-0.6669731934316572,0.6359207558869955,-0.9854952322284729,-0.879104555467292,-0.08011074689615236,-121.9451175643191
-1.5539939933628786,-0.2135982198652035,-0.1689361225552316,0.37169204873432055,0.9812977263966286,-31.71815717629901
1.6676061064356928,0.6023568929571362,1.3083516187233724,-0.32796762878682323,0.39290188399085046,255.21107514598557
-0.6278489854662951,-0.3493158205822205,0.6878525312978494,0.09188923575245893,2.799638485309796,239.33523943390762
-1.0221748354909972,-0.3792066953949147,1.250752521336803,-0.1580042209635269,0.12710334682463792,-65.58571919562637
0.8850705999229984,0.01948118293303729,-0.8629428427149989,-1.443099362689161,0.048465667096503635,-64.77232846255168
0.7688336875484468,-1.6369684124964616,0.9388762822712098,1.31934225728471,0.8509147798049943,168.09288659030713
1.5117826804826293,0.12507649306817886,1.1925812115806453,-0.18121668428642618,-0.4514878298339635,125.0277323287727
-0.14927012609548412,-0.724142077172452,-1.3894534019952605,-0.18098734121424728,-1.4020917641316588,-273.2950071383823
-0.9501947366967366,-0.9050629489601713,0.24676155797475624,-0.1931201465877277,-0.4655753622078286,-198.15606194397023
-0.18118000315097296,-1.2890996393761829,-1.0171352778525427,-0.33596094788046693,-0.4806168764966645,-223.4780157465827
0.61128092096338,-0.7846091165315494,0.12168391307307,-0.8698699542691685,-0.3440079626133752,-101.0061368738641
0.6025964645344044,-0.2652322198289084,-2.005847132603451,0.5515985652113905,1.2079800870252848,111.29238402685958
-0.5601583685021736,-0.5782687105914139,0.009632734247062222,-1.6159648082746623,-0.9625021026982709,-306.0152945498764
-1.416657177489403,1.569381426448311,0.5062022485949397,-0.07744660599767374,-0.05067676761920715,6.842323493311197
-0.08838448280529547,0.5618108773969845,-0.34706810866707366,1.9706262353595332,2.3285851343778514,396.4344008542476
-0.2410589279699675,0.7463517285369162,-0.13122899831121326,1.511854332928789,0.16077896876078898,163.31609460969818
0.11020703062204296,0.2443869184951605,-0.9009375046257129,-0.15642325253593428,-0.4997348640108648,-71.60263221524615
-0.7177375436386303,-0.05938693259385923,0.9037443364256385,-1.8241417590391547,0.37194648726040824,-131.52367375585848
0.16809559690477352,0.13855939447243643,-1.1471355509230978,-0.8803228761102229,1.1914029549467378,28.05917364036917
-1.0710439222427168,-0.46595244245047485,-0.36610941049010565,-0.1184015842593855,-1.9443946752116377,-338.98226093960676
0.7742036116223227,0.610647065934857,-0.40584020808089294,0.10513229472007248,-0.041822219867334684,97.95606328619124
0.47118557498570085,-1.2258006260133925,-1.7137407469707726,-0.36374626340717736,0.6835550974271128,-80.31110948173098
-0.9132483285253906,0.9458941349306396,-0.5592796956118081,-1.140508387239528,1.3703255653451423,24.9304957970637
0.21670157622252062,-0.041746198578333296,0.03396490900912799,0.3310117867359198,0.783650749211287,117.61141508805528
2.5884713218597404,0.6971252825949653,-1.7053783037371884,-0.47884998160296394,-2.1357713555737843,-42.61814994774597
-0.23065276245457814,0.5191291417952999,-2.1737624838396097,0.47678091642677484,-0.3073191810373372,-61.01171800880653
-1.4662709580360722,-0.863669443733796,1.7125783243756842,-1.0266456929973278,-0.4025808118051837,-236.29887183211684
-0.3563677095397799,0.7579289823691548,0.24938444336681914,0.7560945628247512,-1.2228033734667345,-21.40426515596451
0.4958319082519075,-1.853780565873075,0.5161282959268965,1.6467124310043533,0.24615633611499826,70.15363423255762
-1.8901791467612499,0.27023859083362056,0.3386790586053627,1.8107875207853088,-1.2433276068735315,-114.8780008349942
0.4890207668243074,0.6866819250348697,0.3270221831695374,1.0376676319885267,-0.7155301646357748,109.49743414122716
-0.6631415220869863,2.4366151412396104,-0.1748819650421589,-1.9720693691940008,-0.06990609155329758,-33.61987818835776
0.19171916199109676,0.3417230370814256,0.23561947834620164,0.1826166404436668,-2.2395592808986984,-157.40945795525826
-0.686694008269688,0.2922030502613325,-1.5358647442516895,0.6495630259694748,0.6518313503290961,16.174564617768663
-0.057355789463166613,0.9760097821318191,-1.665301442013804,0.6928662182260793,1.5956802146789162,207.7144104443159
-0.031972961055067854,-0.6969429258244548,1.0084563780308633,-0.058563320351875725,-1.3706084744647917,-155.38550597502572
1.0010132901158038,-1.089371866404878,-2.4823375455123484,-0.5983977877723888,0.8125160520781813,-64.4294846822309
0.672754269602245,2.5711967898959474,-2.059466318099426,-1.0010827670702267,0.09393599107823945,101.45914571462437
-0.5067375545280821,1.5273452798479425,-0.5675023974404136,-0.2988911730631796,0.1253194485692846,42.36125928366667
0.7836539231726158,2.546882809948549,-1.062101278775132,1.1153363811180088,0.7315589361200671,364.14577365790456
-0.21386705712427936,-1.2157552687102868,-0.20804391396938626,0.8916128191098783,1.6160382298158833,111.59037872302335
1.4654383962678805,2.5051067784350436,0.7500562235508281,-0.3232979923908025,-0.0777124912519282,307.96696007874397
-0.48675489870631516,-0.5170025919775516,1.4003120385306536,-0.18720799150992695,-0.09523393339422398,-45.506713086618326
0.6414773314436809,-0.24039765247489897,1.1146662846068196,-1.2050183963531191,-0.5705036528364414,-69.18359026338084
0.5603272925991175,-0.9634476251441166,-0.1421118143881723,-0.22913605376704613,-0.8351844830986659,-125.89957304705867
0.6915346676034136,-0.7907380954406092,-2.2572818182755863,0.08320553018986364,0.47120779786891337,-37.093688685445585
-1.1897356871126024,0.9302202547803803,-1.8088844498395231,0.9930026223435819,-3.925314484215937,-419.60901847008165
-0.12490638239878482,0.15988959765611832,-0.08640522593130884,-1.5985072407440981,1.3504623148421964,15.985281652825481
-0.9267626804173017,0.4208189795899415,2.2310282254883425,0.6970992600904463,-0.08675402211899164,85.08745185921646
-1.12192274793502,-0.46095487309803895,0.09701625747239936,0.8109700805310307,-1.359430181073385,-197.73135919543893
-0.8080176912208434,0.7306685358401069,0.178946859835349,0.25218949524941886,-0.882005082321272,-70.17617943333696
0.1803667003765769,0.03781109837393352,-0.45909858553480765,-0.7657470861996519,1.3546277081495446,80.28112628788236
0.31075961096160887,1.2129957932032855,-0.6991605612229626,-0.05941600138453369,-0.8329630175155169,-1.679114287572331
0.874422932439103,0.7204681020705684,0.6716384564392738,0.6041629374156519,1.3133055113021288,332.63535156419374
-1.1599927807292172,-0.6317381596257217,-0.44659545171695847,0.09408604170222995,0.4473111616582287,-108.0202829779749
0.578836094677075,0.8105292615152132,-0.6523440327880183,-0.6053416177247459,0.8718211750617587,119.47509293423091
-0.6606409472865201,-0.07881754204136496,0.6038935955084112,0.33438700957897743,0.559247442156494,46.63586396186271
-0.6643145073627977,1.1616405643955956,-0.17669996048754485,-1.8825218856088468,-0.9863565263132256,-206.43283277665572
0.6319469118398058,1.4528080947572097,0.5362263465120964,-1.683987133633231,0.2155012046799718,77.19801517026266
1.0251560346995663,1.4612098567587484,0.9425827098091145,0.8549406230073244,-0.7354346466569615,226.7371811887444
-0.5717425798767525,-0.7938211307220028,-0.649034977066538,-1.5909055559164125,0.30310386939881706,-222.2967397764216
1.2781822665174671,0.6139340358640288,2.9280654311977083,-0.32726196742749764,0.6013258699786688,305.7377997408768
-0.2011866879421291,-0.5631162000973443,-0.30021765883037466,-1.9541004815563854,-0.6167507957755083,-278.86705501150357
-0.30956702442510026,1.2962227681799294,0.571607317543477,-1.2350720437420517,-0.6057691395480922,-53.076883289544895
-3.094311143760367,-1.0985202182504663,-0.27567686560759214,-0.9940013970490758,1.3821502083605732,-288.7147322166027
-0.3422081661701757,0.5595273086579683,-0.08891830332604084,-1.9351965408985652,-0.7578192285412068,-209.84381010916383
0.7962300321745074,2.105487462120045,-1.7738996444667599,-0.7810715549529333,0.5272933260044725,147.27938858954462
0.11550344857367685,0.03850639838847508,1.1746865825913195,-0.4604479356818641,1.204984845700387,148.17318293934363
0.21610673400608096,0.39933811680342757,1.0587083111665778,0.7903070708193397,-1.3738206501729733,10.41186515325752
1.4982434808439347,0.22051854726213987,-0.729723041917507,0.718818659229282,-0.25837406267031204,139.6415403199634
1.8772506148446901,-0.27278494161352795,0.04368234051340728,-0.8065682054719174,-0.4824545085220124,32.61157147124213
1.7902788480733225,0.7019659219605336,0.4758914682335849,0.4412606752646656,1.962647151732648,448.69006405346124
0.8236326098039645,-1.599041370368899,-0.8366739888001106,0.2840533786097988,-2.9206460288906912,-351.51531524732235
-0.12894172727900904,1.1200057128347563,0.6613669937920204,1.0758414489691701,1.4924072430919977,328.4755194536635
-0.9026484233140837,-0.41258289312600666,0.4872291804701546,-1.2612967620335598,0.2637152813027134,-153.80030563345196
0.43717019122012485,-1.1439682904292394,1.6764496677567753,-0.19111910494239287,0.043572008136043276,11.777830716035632
2.4735639896850152,-0.9211244345659111,-0.04648332073371233,0.2662473488543304,0.7264220185297467,233.38355587613955
-0.15820404619548217,0.01910223566770651,0.14154248120053825,0.5167925811197542,0.4182441515965898,75.65063621603397
-1.6173718230723884,0.15920277296016852,0.9013953221400226,1.0048254191008257,0.1695551195019758,5.634991495531214
-1.5390134118093133,-2.0706263882756746,-0.21788098234080328,-0.9008029178310887,0.10924379141177858,-350.07137017514975
-1.2838817440006989,0.8943865140423333,-0.27241143227634446,0.025430262645172532,-0.5592889268006549,-103.15630063888132
-0.032687550146214814,-0.642401394662103,-0.4730971356771307,0.34083988125172343,0.6695861830319518,16.323266086668117
0.6657861763722918,0.025962299529249454,-0.4547715127902423,0.4419885160560893,1.13114591324629,187.24740445730023
0.030735237800482696,-0.05997159288262349,0.22065557756363796,-0.8751517596429806,-1.6279528274824209,-214.49856790163437
-1.34921607035011,2.2372850483008064,1.245823670225869,1.2326938263329361,1.5843974227672204,354.5872400070706
-1.089909615772546,0.32030313881238365,0.1452946802018973,-1.0588875816166268,0.6694241339801871,-72.59331623718829
0.6543288574695797,-1.1860274884307167,-0.3672284873263581,-1.224950666667295,0.2100659294117857,-113.25412904293019
1.2400305003909402,1.6386506420576574,1.6430701753760566,-0.7656171978186065,-0.9493097912750558,144.04262201559615
1.030767981432385,0.18118743576468285,-0.319730799479032,0.7753835341074768,0.5667563295158831,201.3094217789902
-1.495929023058552,-1.351646666174568,0.03734194605291055,1.5460208783995477,-0.23733575986423425,-135.3401153614823
1.1246521469081665,-0.10432530992831023,-0.6234100595004507,0.9103156450035214,-0.6429976072106556,65.40838744581922
-1.0326756694561987,1.2379895226498983,-1.0208894173089849,-0.7591503970388385,-1.181326694548224,-214.1544110104618
0.579247575866909,-1.7901307833131743,1.3736134352227198,-1.00516047319377,-1.4676272797625445,-248.433929457349
-0.12997018009586084,2.3179633004580156,-0.5845770005863693,-0.6787984330325837,-0.0076294073288620985,84.29893755808216
0.8946131439511773,-1.3121711914548977,-0.2626165678002014,0.09020364745722831,-1.251537214666716,-148.5552005481089
-1.2230249312381174,1.3239980338367807,0.8401056726740431,-1.8591615155217662,-1.2854282626195863,-236.2654153268652
0.25877501558645627,0.13345604643868017,-1.3019394317883044,0.6764283903520412,-2.1434973622661473,-188.49453663868712
-2.343485174656873,0.1029816632128203,0.4318923581104456,0.5788709438045446,-1.069332223839808,-230.6537665697487
1.8370285713879249,1.2898569412534415,-1.2604251612779065,1.2371279639860828,-1.0421715749356417,187.7702599234281
1.4957947159815967,0.41955516575230983,0.03548042232303869,1.2689752384388588,-0.04267091976339669,244.87711177804258
0.8425222201569182,-3.560640451564443,0.28266224040602184,1.189114920893572,2.037955130217411,102.30446897055903
-0.9641002439651155,1.555819317087268,-0.29325472958106075,-0.46690946158374413,0.41904995437339543,30.558548444584474
-0.2867752406034372,0.42401856004001076,-1.2332002771312773,1.7419239331789778,-0.7273346027544834,13.73759970519239
-0.284630396479809,-1.1793778690587706,-1.0140580614641184,0.9421947430759832,1.0351672027333991,17.689070908054674
1.714370493355175,0.20935379944855195,-0.14681036367929676,0.5631717386788218,1.0999757451572953,308.2114660830859
0.47615466346127766,0.4440057873751903,1.2900812928695395,-0.11848393468379202,-0.7423907213661304,42.69099663129541
-0.33311516379512407,1.0218420748899464,-1.2099622233311444,1.495499131286899,-0.6730209128641541,49.19428200486313
0.24998822300996856,-1.1811623613575029,-0.27871998097524053,-0.43555372738308096,-0.1028402035768504,-115.85445587267931
3.2531720076005453,-0.41581126340643465,0.8774198964584484,-0.4742647620083253,-0.6555794137975093,173.82476249843086
1.0385759365739708,-0.09041826791135428,-1.4522115013315353,0.7008702088800975,0.40279298446383827,111.97421102550021
-0.18784239815128292,-0.9323304705866858,0.32386603611290515,1.1534202818442305,-0.6121931438587059,-49.562863803426445
-0.9307746140530759,-0.035857032693665004,-1.011386767176144,0.9956483270564134,-0.3393736758545558,-81.00797241563656
2.0954197332849414,0.10311396313314283,-0.31565430286788476,1.4386380488035746,0.8078603624506958,356.2346553682402
1.28870312331552,0.08259183045139872,-0.5004473429109509,0.8977335592885531,1.0018050075966758,256.29527187260555
0.23627666611260142,0.5030211506612404,0.03948782985163162,0.9566714149204438,0.8095279154812484,212.94366681400885
-0.5962350749464155,1.4840343168192274,0.034650292371131694,-0.5187790824758807,0.029447197770160444,24.396963924086755
-0.037291037432239424,0.6635556820496854,-0.7147643101224019,0.601515031374926,-0.5553217269878198,4.042276253961873
1.0041657815044143,1.7797475432174705,0.20992456375194482,0.024219292993074144,-1.7738451699081177,46.904753007527155
-0.04648340707195385,-1.6338218203421095,-0.46385391476947796,1.251573635259254,-1.0571507264882978,-156.07607142629067
-0.08504823492204214,-1.5524729313294352,-0.30265327678021975,-0.9422922348496182,-0.3496568581673848,-240.61714798984258
1.6515889866276279,-0.06309367445369163,-0.40409450464170715,-0.1392913189563819,-0.2809147878207057,77.75672651290066
1.5390486083529977,1.0317666569543293,-0.011908628355579053,1.1652838771935765,0.2817810763298531,324.6124978760732
-0.14037807423946339,-0.9009729306625283,-0.5669704567073572,-0.2504348250068902,-0.8748790606985781,-207.54881768278125
-0.4257842186717579,-0.19124582295960627,-0.8252160661565972,-1.3100808634554886,1.0487226062405808,-80.03564342931621
-0.13626112973847462,1.7658584748444828,-1.5127106593838031,0.3618091450424081,0.49726948074985244,144.21370821997294
-0.5092485194484047,-1.639139415622395,-1.4114865899607452,0.7504502298083496,-0.9122386452232892,-257.8064308816536
-0.14195738293895796,0.626373896486066,-2.26058124903057,-0.7260492974787459,0.32941580626868533,-77.63494370112915
-1.3288131979616296,-0.19691108182986572,-0.061668900481182815,-0.7145732311840145,0.41527124425984024,-137.84518170157077
-0.07809581862960203,0.24344297851876545,0.3072472306381924,0.2782532921185579,-1.0602145910635388,-56.76205718386018
0.9218484872313728,-0.26571800941731366,1.2035656186453225,-1.3812536033575986,0.1659697428408717,18.045157071805686
-0.9319594451294396,-0.9572735743601606,1.108255305383445,-0.7660801073939622,1.4512889692996054,-16.612728340829563
-1.7626568786651946,1.4899225277266086,-0.46728041308485185,-0.922787189533145,0.21628145017911696,-99.88985096656886
-0.28786349620472834,1.2407410862025978,-0.2519909915077511,-0.22757602630874493,-0.39360787480720394,2.16872221843846
0.2005742062862499,-1.7759439911520636,-0.08967754267659597,0.890809075922469,0.9876166524379916,43.22275879316729
-0.4855816961575288,0.7587450945605339,-0.715015372351362,0.17086674910526525,-1.9442699130240177,-194.67625676857307
-0.04154232019903324,-0.7273449645177187,1.234923280596202,-0.19161423153886292,-1.2072817970402805,-142.48550524100492
-0.8212073234761047,1.5495152616830419,-0.17208691377441274,-1.5016567260939633,0.9685935404143048,23.592953062920845
0.4161613558958315,-0.7313903349056576,-0.5883914426707357,0.34996126378245457,0.05261772759511036,-11.09989431327375
0.6607621752944892,-1.230931801698267,2.7530130743114585,2.0078463483711326,-0.6465112164069791,162.97701639287112
-1.1449248544723787,-0.09270411428855072,-0.5713464879637584,-1.172866702843082,0.013497618681766927,-205.48160707185858
0.7237143024824265,-0.09974407188470553,0.579860482866999,-1.5122177922141187,-1.1904396594398163,-154.02082861812576
0.682811198242814,-1.3349928892320115,-1.1313491229671335,-0.9334231703581771,0.4141637847782912,-118.32793277821746
-0.11799515258456185,-1.3309118570466116,-0.3681470375295732,0.5861428674149102,-1.206246861755893,-195.8732765442981
-0.4522400141157075,-1.1656554897883347,0.6340206971052911,1.282130742583455,1.8342407293366023,178.14838943274174
-0.4504733565321854,0.04635123455198539,-0.5863752957727337,1.4511780218655301,0.007048360381823376,53.97820756098549
0.19271990594007538,0.09663711967336167,-1.0581339781566768,0.5117476150564099,1.6579854165691126,180.52889392334396
0.3208080595788335,-0.6101069201165356,-1.949054071776866,1.4091000702583862,-0.4870362738846668,-40.69717701517569
0.7912880064817642,-0.7596671657417143,-0.1838162107874817,1.7171043398777366,1.2343221872270465,255.75373265723545
-2.197348299704619,-0.6497683321158709,1.165597065076754,0.7969295076888178,0.7035429339829864,-54.09775501778742
-0.5063344506825991,-0.15255094097430194,1.0747080115452567,0.5683007653773272,-0.5601350536473619,-26.4161422475074
1.0397739423361152,0.6862670326732124,0.33767856240307986,-0.15281390336920628,0.045802400360544795,147.2690903928135
2.019266177090064,-1.605670467070386,0.8550056498303257,0.5675453831732352,-0.4475600783169947,77.79913939417479
-1.301390143069174,-0.5322796059824926,1.0475147595584382,-0.783583130607716,1.6912702927708583,0.519035317200355
-1.1466958661738045,0.8814716126739709,0.37614346849222446,-0.315231456919055,0.6710927551787224,25.097357287994907
-2.541666751345255,0.735516899089404,0.11639169965891323,-0.1939787069939319,0.6047294923038382,-107.31283209572568
-0.6263944763269285,0.23404685223108376,1.3012097497614068,1.4546606504653596,-0.5831361882916493,61.54122137557763
0.4687187182621174,2.8354171081609314,0.16426538511270072,-0.6044905275574607,-0.6027245155222718,155.94783371662336
-0.18166644541625582,0.18150167241470033,-0.5714277104946488,-0.5304067468512852,0.2618796538486064,-43.07026625363049
0.4067425816574557,0.770151903942341,-0.31164531206495943,1.2261599733754622,1.2821321383239959,298.67638027805816
0.2774408446714797,-0.870855437473852,-3.162741749925509,0.714550231398388,-1.2689598766295382,-241.14285762402523
0.10834985860018966,-1.4802652183207818,0.3112919503097954,0.5353367043173032,0.651907674971735,17.40035183638356
0.5940912870731246,-0.5759388255653589,1.4649879398162942,0.11250508573505914,2.4175562992628286,317.68189035720474
0.8331805911645506,-1.1577541605070536,1.7441344546227802,1.186257858785075,-0.8763789587718618,57.384914564096576
0.7311794752939353,0.00361575069180821,1.8981936890460667,-1.0673083596436592,-0.29705460225876806,28.098481780165013
0.8678891532592531,-1.4423817206491338,0.18898851161791858,1.5614005998411875,0.4075935169696803,132.68074735136693
0.8681231572045808,0.2780490122183023,0.38130683282146444,-0.35073988743732704,-0.4182163396155558,39.96210354410692
-1.6920592631378168,-0.038463594916888916,0.07248454368009373,-0.5014149805759842,0.9696359506903112,-85.13027889570155
0.8514515703929286,0.8008690561681959,0.6816521033854718,1.2906323308668506,-0.2957353713288566,228.15594154173905
-1.3348577729849889,0.3329850894308382,-0.4589027192561323,-0.20293515097112513,-0.4855149177885196,-166.15973238944625
-0.38065934430596643,2.478703096400509,-1.4132228553409887,2.0435253762991747,0.9574164790065095,343.79335303551267
-0.771394444891122,0.3073461413433848,0.5102432742519548,0.8332577973580145,0.8045416302074226,120.46913058792907
2.1081060996576104,-0.8486258921101724,-0.14007779722315816,0.12136696548518798,-0.3973798084031759,75.86283065354675
1.9208853299318065,0.6195194719721329,-0.432535690047811,0.23013580303541126,-0.99126115688134,109.04299428565791
-1.1432905811437861,0.19477209838404838,-0.7396213351823091,1.4489292016350876,-1.1413039770020446,-115.78400852101429
-2.230002138277801,-1.495870142479782,0.8345141793661677,1.8441530450366097,1.1343330305710442,-11.640251612661823
0.18646631152033902,0.9833082490105474,0.6013016732473163,0.626052389962966,0.04557004259764571,166.49090895156814
-1.2297411514254513,0.5901908547928303,1.4739317901478155,-1.8760559981748093,0.5819451762814223,-88.07700754949819
-1.2662851770640302,2.012644007859027,0.5105193454297401,0.6498932611134483,0.06597221105705914,121.72948996568958
0.3368330293403906,-0.03877705061899544,0.05912833562688798,-0.08260188376935519,-1.8973685666103688,-166.07917669233285
-0.3185678716455179,0.9593280160590321,1.6654299743877967,-2.1222621671580106,-0.3642225363663578,-79.23199350084815
-1.681626229264582,-0.7350647201134594,-0.14587980566736644,0.7592652125495626,-0.3209637902573893,-177.86545992371373
0.40743425346441114,0.08833810179179397,-0.6858455767077436,-0.06157022060520826,0.28292680585388097,34.741302449247385
0.4410788881756412,2.1027859269372216,-0.09110756120894557,-2.364619021946472,1.24701869709716,139.98706313726032
-0.18460474818381103,-1.2303001613129145,-2.2382493853194725,1.646513036429087,-1.9099877927243394,-266.30350496019474
-0.9553892845541098,-0.3347108472849705,-0.6534556135103246,0.44360928178470427,0.7052285026123453,-26.817730078066074
0.2235419118066062,0.9763584500704544,0.392800829320445,-0.8986122054291655,-0.9391365481503262,-57.87421626151555
0.22627761658655415,-1.2699855978884103,-0.5113797451911151,1.149146124121565,0.5033659110707961,39.37166359565801
-0.9079518625912377,-2.0171300420307148,0.8211503177129827,1.2586560808032374,-0.008191526735545164,-103.6228183495062
0.4028143543826176,-2.5673488597512457,0.3621198454950444,-1.0774494957994891,0.5074738899166488,-170.6328820769343
0.021949691596441036,-1.6690339249565334,0.37986232604523756,0.4555213788033883,-1.2339152565785834,-198.35341209258902
-0.4912380898479517,1.056997762906409,0.22455260197601545,-0.5430386505400505,1.0775988073869631,113.4090713848196
-0.5394619422600183,-0.006457522963650247,-0.28437517089919445,0.5176538124475053,1.3376369631884661,111.46276647629095
-0.35120078826911844,0.8316150672980002,0.059254859357271004,-0.3699510361369976,1.4814353913713876,154.24814312104536
1.5499381899548317,1.1772091488730376,1.1136419941006037,0.45656240589285274,-0.04470198750950993,294.6198507904155
0.34711658871808326,1.5756326029679193,2.9867991290484865,0.38383721967327356,-2.222716526543147,78.17286212140317
1.2118086519344655,0.13688329733215676,0.3657101766278551,-0.8767019103381011,-1.8735714329911126,-123.32199304498877
0.9190396512639292,-2.3249650418910677,-1.2790451442633235,-0.14373322137449784,-0.9976665769820646,-257.9831678654433
1.369264048561985,-0.5127622070947915,-1.4377570731092173,-0.7908016372022321,-1.5009391488881556,-193.16513156253
0.5145316519665164,-0.2550862612448144,-0.3062865899816392,-0.3682993472233049,2.1214445234594206,194.95877979189873
0.7715298944456938,1.2960791582853644,-0.033948731827161974,0.4218485977124943,-1.1872866708337504,74.70885644778126
0.11706126105949731,-0.3064965009344012,0.7237207638785176,-0.5037396295132242,-0.47607858580855583,-67.559377840994
-1.2387387209303198,1.2860520650747647,1.7539153673703853,0.30418156225160486,-1.4034843165433013,-48.976260094899416
1.2039915004987676,-0.11110617057131895,-1.0310060830556167,-0.513528530212238,0.23999874634455942,36.25440848077582
0.9590325275583824,0.5834429311229508,0.9232818515175089,0.10232450351294672,-2.643783938187786,-97.7772294270466
-0.0776198723112479,0.4097865137171531,-1.0822408710576998,0.10365753231581984,-1.173810356104187,-130.9389694494347
0.9620561594978666,0.19869057730897552,1.0396732633650199,0.5011693563843761,-0.3289892110619028,143.3329298102879
0.367179500070914,-1.787051673646856,0.32559133157960507,-0.03280476848945487,1.1086793730493083,19.683628706041247
0.5525379123782989,-1.8920243742399472,-1.8516077423340755,0.8824280774958507,0.0736480223706531,-95.49393698641612
-0.7060121533230809,-0.49632686660003994,0.9251245372968858,0.06948339723220175,1.4660559730997917,88.05715964756989
-0.730664177475076,-0.6505103044626068,1.4044032648681946,1.5491270800037154,-0.22366204798471204,39.88114892349484
-1.3202863679913446,1.677172036923872,-1.5191355999908716,1.5414847804055027,0.04657249191747114,76.64799245339836
0.37170095542698445,0.7382057667158818,-1.0163402734050864,-0.0697708811629271,0.8987380401423445,132.2287202828248
-0.32904650431268595,-0.4058144833446178,-0.4504892470048014,0.022919627339484112,1.3664865424675239,60.145773071333
0.5638801899379172,0.11326600634564775,-0.778592279636838,0.883075532273376,0.001598655578870012,89.88083655220248
-0.33767593642081933,0.6282373789394098,0.22590327883457859,0.7217608728469783,-0.8483088325382034,-0.8999666373199648
1.0481058042208176,-1.6091246115854994,0.032598177370860584,0.4017212075513257,-0.650518147402424,-63.29195833225897
0.601694788880035,-0.8357709563423403,0.5164869500516079,-1.075561459804723,-0.8094745935983528,-148.66312055223347
1.2970568853779938,-0.1266694965993123,-1.1051612757792328,0.2891063626993861,-0.7629229548357455,-2.693661381549779
0.05831973967647074,2.2226262507748373,0.1214785055528341,-0.37126925934103233,1.547355863561314,303.09437647122803
-0.4643726381664181,-1.370491194448448,-0.5251330193447606,-1.1068145706902022,0.5330332824169256,-188.71184502503968
0.19378019662784857,-0.04271158497623796,-0.8563403190492282,2.29030192494304,-0.860085171071044,67.86076435541463
0.030237154446770796,0.7608281535932813,-1.9532993884987127,1.505583144635426,-0.7960396985629409,15.275408073571244
0.7417686754221591,0.5966970818599193,-0.11751767245525951,-0.49181913120822984,0.2174239504830209,84.91759863255878
-2.012779115321368,-0.8530661635169665,-0.20566836035821995,0.5362323082502404,0.014697354890841648,-199.28746545275263
-1.3567578544894117,-1.0964435971593658,-2.1537149594913134,0.3270947591562459,0.965901818468438,-159.39841846470085
-0.47362184229618703,0.993266562949301,1.318569505380952,-0.11387428890220172,0.4667478353701936,121.75177593181972
-0.4838452558473279,0.4476942756888239,-0.5510509831374804,-0.4554294575822979,-0.854523497831458,-142.60850197598404
0.07382183562463276,-0.7166665425014987,1.7219775225614673,0.6955796009449292,-2.026675350172983,-126.68448922105492
-1.0703161049396126,2.3130172820738673,-0.4570212998570547,0.6365528352909581,-1.220323005315423,-11.085974470040476
-0.0024391139437263906,0.4974569721830059,-0.5961314076301549,-1.172873953010218,-0.15042888861379775,-88.01705429786578
0.13229618404122187,-0.22621877788174238,0.7074636896365663,-0.7109782390680863,-2.0964960690005734,-238.75140948268418
-2.221154871647614,-0.5321370289492745,1.3474977620756161,-0.19726303953078575,2.4406076333357363,54.978079529605985
-0.6444356764790403,0.7281419454755748,-0.5853623944761641,-0.28760256161951697,0.9621022814649309,52.63351719774241
1.4957174053759563,-2.069190748670958,0.6713937499767281,0.26141048460175476,-0.4641318379215572,-33.93224669190058
0.8537511313510467,0.0889612237090433,0.5130945915420664,0.07005913131582998,-1.507607188221105,-47.566851155416046
0.5058973407653627,1.6800672748774574,1.3517271411829834,-0.37431375463001476,0.05528362660806911,196.03982899159675
-0.5521634541090885,-0.03274537699212478,-0.9719960033354891,-1.3626841976151223,0.8827067461361182,-105.75595538608474
-1.1385143118463383,1.002299312999362,-0.2463548818319955,-0.29472323919488375,0.7725302077477021,28.904833217521958
1.1439152636296617,-0.3569280829166291,-0.6341722437938552,0.43714945523871623,-0.2942786621869752,50.100129301603616
-0.6638479874817096,0.2160421775523987,0.8621283766199762,-1.6888388195717723,0.9985851806157101,-26.245655025683316
1.2677682697337267,0.4336091206100408,-0.015671091143675018,1.235732777277648,0.14248953105251647,241.89600841537273
-2.2290020403743944,-0.5144549449294576,1.12300182162303,-0.4839274876472349,0.8606251104365691,-128.5635821618806
-0.6084859258495945,-0.15284181178975098,0.4728104619902055,1.186652520266148,-1.6955950317038981,-122.82493289758023
-1.2416620996815122,1.6051767771992727,-0.2870941424311748,0.7293088737781945,0.9060120112132022,153.83138554240173
0.9098643671454413,-1.3622293114620856,2.2248454077579036,0.08662871766027361,-0.4194927344154646,26.825476124639632
1.3689148761204646,1.4913691935165794,0.0970853119322092,-0.12160956526756624,-1.8702724801870947,36.596068736696786
-0.03701298884877274,-0.5968280561535362,-0.6328675585379229,0.8201616221390761,0.10129367808428359,-2.1141292857370084
0.27781908532647,-0.7357210131851912,1.2667206273551075,-0.820138344810193,-0.4377180453139911,-86.36099786573921
-2.1751208774480264,0.571537641614767,0.7388875129823758,-0.336458122505855,-2.327199568512048,-366.5904601893894
0.6855967260017711,-1.2338197273768603,-0.19242457400203017,0.14939899476778887,-0.5028907088994646,-77.94871796876622
0.7397909572456136,1.4972684737785003,-0.5496609253473371,-0.021747333164512033,0.5824537119340333,208.63643565792472
0.5003756445896669,-0.1673206896471961,-0.7664241318044006,1.430457316484249,0.7218013292317971,178.38381678744827
0.29862928799812827,0.45348740608475746,1.657115902160844,-1.0870350089047611,0.44616365020272947,87.09281168997413
-0.7811046848546457,-0.19425922653666677,-1.8716338957942589,1.4144977457312238,1.6647661770605966,117.0856071297039
-1.9980721229722318,0.9387081135540268,0.3589344905620163,0.5317972445712638,-2.5932273199608096,-299.00183976018127
-0.6655393771598698,-0.5718363231199833,0.07181852955597351,-0.17503611525095986,0.186828479683954,-92.2781380753434
1.0211793412824355,-2.0347413906111878,-0.4993003008375463,0.14012621226557379,0.30669910574434023,-45.218120337908644
0.18634160884196133,-0.20980431012502548,1.172684644117774,-1.4465328437255087,0.04869974375638421,-56.81050520752493
2.511313521820228,-1.2301247851990804,-1.0872397102849447,-1.2392541391296612,1.9232555416189328,174.59213945285543
-1.7758093207868788,-0.5701078498752972,-0.5116022245798478,-1.2912664965057277,-0.15104017760421995,-320.57644983719786
2.3068867000671305,-0.9300840281875269,1.0946034777493607,0.7381443013880852,-1.2206682015528494,95.51986679470951
-0.8134463396989762,0.06469702837391372,-0.38791451772199087,-0.7978652837343765,-1.1749431078053436,-254.51603099508947
-1.0169235347635681,-0.09334478808675242,0.41085157940502454,1.4581155023717458,1.0189210274283012,136.9103322900954
0.28886591208875273,0.9472540353047636,0.13451232881991504,0.8207969258186956,-0.3522909958583435,124.65691646753929
0.037537346826552305,-0.10429982107879378,-0.7063173172392914,0.7099836092879626,0.39517039555687,53.26495994802687
0.06158754785306675,-0.9572705652297123,-0.23624556612479913,2.108019028642189,0.5117422691674897,136.01456371510653
-0.4414401623068989,0.17251306449499024,-0.4829327291878159,0.11684584583394288,-1.1974731717973872,-152.1108368277862
0.9501215733407282,0.5263240741332632,1.3507349631858436,-1.345678502849744,1.6636921391569148,238.79646742783774
0.24051967042210468,-0.07891766017630825,-0.4797931053053816,0.807597186046955,-1.3123561204450505,-75.67512369635271
-0.8814084689712869,0.61178496066885,-0.07092681938448121,0.5175788525251713,-0.3940670600689917,-32.533716995296125
-1.8232869578091708,0.4032275626516594,0.7645340680254219,-0.6024025895695283,-0.15866046762415917,-151.94783142439672
-0.03580352293716011,0.5404219874949889,-0.01725875981160633,0.1522103352893686,0.499301964077195,96.3342735645681
0.7848482929228829,-1.102736641335878,0.9417813923757931,1.1617387198788807,-0.6137106753473248,44.8611964289133
-2.062569028754547,-0.5906543543287598,-0.3450210777657105,-0.3243947009683811,-1.2108293397774124,-378.33915763515853
0.7988625441294896,-1.0838234799977406,0.8055963026648576,-0.040612943602563796,-0.626814226148319,-50.38005065628699
-0.35593842627888794,-0.8979049204902543,1.1311546895117803,0.2432653350516413,-1.2678142954741058,-157.97369808476876
-0.4440122032235139,0.33763678864804736,-1.4387779094883255,1.5236343753492243,0.09885210113811166,51.751357090550435
0.45048719174280577,-0.7330591548287999,0.3455814686351517,-0.12413242061837561,-0.9612779662185107,-110.9839565387119
1.1962649256423135,0.29120869674937516,0.8520189881127436,1.7713435214682995,-0.9678822184459334,183.56846875779732
0.9045926742410881,-0.6481596755763207,0.4677654552962879,-0.38033608715877154,-0.1972760622766027,-1.7201972736642963
-0.29255525200676963,1.6869703812462735,0.12363685583438214,-0.2632147850678506,-1.9992727114106417,-113.30698244069008
-1.0230694635611723,-0.8384981989432803,0.8641921899555024,0.12504418953423732,0.2491437135362748,-80.0462555086645
0.6988653179312287,-0.3006922388784413,-0.6609565149388664,-0.718661639568027,-0.15564874433959544,-60.88737474405092
1.2026453638434993,-0.15972416203685713,1.0163279457535028,1.7390057237922858,-1.084488700845832,147.00243088134735
1.9584842369125746,0.3512892494006794,0.39213146509542884,1.1123489010726624,2.887539518872913,571.9241968465847
0.9846259248377618,-0.6388538062417677,0.26900197541233906,1.4601455497973521,-2.6110964897745035,-102.17599006985259
1.7436271586767502,1.8468960126014509,1.2287159892560577,-1.7586171349393775,-1.122024615203962,91.36873942029978
0.8819974019169196,-0.5120223698326797,-1.0757407083581443,-0.1197744383382051,0.02371660866382357,-17.312091248142377
-0.5715472397250935,-1.0150499084749687,0.30590622752057817,-0.3520828699459465,0.39405179272869273,-94.98760893029163
1.616358970242596,-1.07141563521837,-0.8048370756907121,0.47410060448961444,0.7363369980345267,130.29429002731078
-1.6092406342358694,-0.5011750076927814,-0.08694393862341296,-0.42240096117532766,-3.019641959081638,-500.5581630307712
-0.38757009897399497,-1.374335370553612,-0.48734272248886035,0.7055509042089457,-0.6006779656176711,-160.05011956352587
0.8241404418652067,-2.58223449748249,0.13357394045756985,-1.3031125447414915,-0.3739010782705765,-251.10995515722524
-1.0197542519981566,-1.4697739969872898,-1.1559338612867844,0.9847525863166019,0.8307103302472394,-88.37647901230274
-0.5266415895572427,-2.2087157720294144,-2.0502019848552786,-0.14056247752490253,0.7999735172313169,-225.35082747566653
-0.9099968381544324,0.734582524147108,1.5304312262264321,1.5699576963444262,1.5060510162190077,304.0950809927962
0.8747908879308768,1.4362069088744136,0.9738628955042481,0.9953876214801481,1.3026178291348651,426.4893662207527
0.22047177061815998,2.115074923389849,1.2686617484862996,-0.7907615861069963,0.812961358002482,246.7103869667451
1.4072376889080498,-1.096583509120917,0.7488459843025852,0.4449223674416206,3.456446687263263,442.3102744943433
1.1555493843713347,-0.7525257035053309,1.6691229152716787,-0.9840488087247186,-0.8251674635686446,-47.39100759703028
-1.3493353297749067,0.357195747205332,-1.1472287425742849,0.012091132524309179,1.9684840878515995,65.58865985704827
0.14586097636129797,-0.05799653400398723,-1.0372006101438453,-0.1383399174387683,-0.8071736503346725,-130.72608985120468
0.6403508390522086,2.435521775259052,-0.04572114337392537,0.4116203117723102,-0.6122365156041267,200.3242920487428
0.8374534006191224,0.3808845191625683,0.1827938549137997,-0.5596603147614527,0.24950235354323558,95.65688892713881
-0.7757199483808328,-0.6208501302578291,1.2636506992775165,0.6351485211736695,0.057561884848131774,-5.567662959853274
0.6724586339458657,0.10839914261535091,-0.8903327130153144,-0.13851819281807048,-0.913804267165663,-76.44872163572579
-0.15447721872281214,-0.04051310791772157,0.548021904672654,0.055751790864252145,-0.0010396296034406822,8.614816924390764
-1.7131084373996734,-0.05764063811847226,0.42010032822073456,-2.36276702858267,-0.32496720897237896,-340.5630149496351
-0.9479657844033101,-1.1099793716049695,0.7436321992227058,-0.4409520422909113,-0.026990292457618824,-171.19501049702848
-0.1980353589371775,0.20856337613100231,0.5500736976873432,0.26453874373637276,1.2870276846342665,169.67906158348848
1.059055063625987,0.7868656979182228,1.2236420958046068,-0.7701991517733675,0.8878863863176615,223.73205075610585
-0.4560308338898153,-0.5516367685425395,0.6965313647225453,1.5564125748235365,-1.426289390719955,-74.21497870432727
-0.8771476177195259,0.3286445624390776,1.5259795018076787,0.20184734277495764,0.4348773356359352,69.29665047545996
2.829017871036753,-1.69612218109737,0.985211480010101,-0.6589356224490207,-0.2756754050257758,76.27862510133413
0.11423055188237578,1.1712125152354618,0.010793954625088132,-2.0058094821569563,-0.164200556970047,-66.66142009343118
-1.2542245009921489,0.4881365452055702,-0.15631125121418796,-1.004310613825611,1.896465570995165,41.42269614524861
-0.28993393986297383,-1.4311298913239647,0.612019786040771,-0.825458356473531,-0.478876537598881,-217.9936471386988
-0.8357298021675922,-0.8297827528257586,-0.9233958936953348,0.7024926648992514,-0.5989915722328086,-171.51571854123586
0.9712348734089491,0.5583784797684164,0.9218014064780944,-0.6375861928003534,-1.4788580932851187,-37.588319120662455
-0.6679344048089731,-0.5836966258642167,-0.04788647617805633,-0.7005502370321771,-0.026016052381932636,-156.44881400443347
0.08636316939122315,0.3040543998489378,0.23758769386116452,1.0150646694484258,0.08873897310373108,125.08237356854717
0.35696858230290646,2.005197967629986,0.41231047797355846,1.582172745331619,-2.0002366274540915,112.63745615848035
0.7734691271893809,0.826841340797506,0.9850255074822396,-1.4907384969944573,-0.24580907973319507,28.54073149896633
-0.5258661794925407,-0.6985140331385357,-0.09047161419421786,1.6466088204120004,-0.16920563043282805,3.684711866261029
-1.6397734906800738,-0.055240943402958924,-1.016478667759215,0.6727264532495145,-0.739622687318678,-211.28746392441656
-0.9654760519185221,-0.816938962653834,-1.0178241029384238,0.48248394412765316,1.129679229341999,-29.773782535681605
0.5968933409135025,1.160235374275998,0.41806144070490026,0.23586277669203523,1.494046700360273,319.2001310897554
2.0080472717963156,0.6061924756932718,1.2248672603028332,-0.28162957022249807,0.9128241479733987,329.29332766423585
-1.3023949451012469,-0.18077795860676674,0.37795284690462017,2.507232553988268,0.7490622451753147,149.85034807862715
1.4412139903497543,0.4960973400065398,0.8741041341007354,0.6299304387297749,-2.2515753317281297,20.404774047836952
0.0270119817651958,-0.8709105110401927,0.7243894010129421,0.027514645117266603,0.7154814966100761,39.55280648283616
-0.1903494032769287,-0.2573289154617005,-0.4175014219250979,-1.640094200903188,-0.7044443200123711,-245.71561408568445
-0.07666831892449494,0.019142890460849417,-0.5350596339347455,-0.6890119602131161,-1.3867065145215978,-213.33492361103077
0.20371663461320835,-0.9631815096444726,0.43336342820144597,-0.5228654421917597,0.3223421246313604,-47.507931598154045
-0.8655331700920637,-0.5683881099869614,-0.5320154062722927,-0.2658153137841315,0.16842517427053683,-140.62111967390325
-0.42265298628763065,-0.5022743571923813,-1.2856624327160464,-3.6185763847903956,-0.7393414597806426,-461.5353550973857
0.7164903493399102,-1.1300372465698252,-0.05665705168105422,-1.517273645664639,0.5082534127383466,-92.11495117339797
0.5986432384538677,-0.5712292322238809,0.8913675452910832,0.35396370135458793,-0.18823981276403087,47.34235902561054
0.26802117926025704,1.1135890902435204,-0.27321139200856726,-1.2962850256915626,0.636764879841337,63.890722195743045
0.18141139443487284,-0.04845967461766773,2.1610075823028536,0.2234941148444219,-0.6900915524074623,48.72461645081273
-0.34194646377714255,0.18378746206519794,-1.6680819571066048,1.0171044471174113,-0.5521033532854986,-61.27390693626741
1.7641535019517693,-0.09587686867307184,0.03524029984641605,1.1594239894317617,0.07746058090690548,232.57049153617984
0.3189996023227486,1.5733741424769483,-1.9279024019409683,0.9269548067033727,0.45981719041585895,182.3374282314073
-1.2647586215814945,1.5462933181305474,-0.6272003923364257,-0.8532552990157788,-0.0007176645760227112,-80.44721970444708
1.0578917127412308,0.9201017832740243,-1.5854135039590467,-0.5224954016370078,0.8771165592823926,143.38652078802565
1.7242244948331271,0.9320258849076958,-0.13625432439053778,-0.2920277859971032,0.27620248613029696,214.99014147503945
1.8252525217352362,0.5351299001671256,0.44996901569096737,0.6754157234952116,-1.351823211730753,125.46934213999775
-0.5869688145912979,0.05188114478164938,-0.9257226917011669,-0.022709634362832583,0.25106466751582496,-59.556096278769175
-0.2415617540346858,-2.198438910434029,-0.37311430692515296,-0.3100357320222869,0.12657970280079808,-209.872378854031
-0.5096972214714045,-0.31653758326596027,-0.01706858037028437,-0.5721629626551484,-0.7650337075907178,-182.96979833989056
0.6804402480316266,0.9718199134548829,0.088367776151966,-1.092066545346552,-0.39811414241036097,14.92690132738261
1.4198269133377173,-1.0144452541645288,0.3980466467463737,0.41023416036639215,0.21152319651404866,110.2760378849652
-0.6129650470395468,0.8461604079087909,-0.20111462148858755,-1.731250321897373,1.658009176359297,44.058012455646114
0.522562387577441,2.1290165831132772,0.41160541063926787,-1.2992284560150325,-1.189598666729772,9.020594945761557
0.7642945715878116,-1.327068509696921,0.29246565651589385,-2.0071106316513974,0.06128141009664951,-166.12503487714412
0.8121678035020317,-1.8718012359826526,-0.6560075269430634,1.056512984760661,-0.3190411407074949,-46.950708261821426
-1.073532966856175,0.9389869367289303,0.05918469485063182,-1.7857996661192197,-1.1108509639940947,-261.4492172886463
0.27016517481328123,-1.324400413536301,-0.21670009449828492,-0.9027944826799998,-0.8276901251559239,-237.9463447137211
0.020568120481087374,2.169019910209251,-0.6354921034066321,-0.6676932843060953,0.17701264673065478,104.41264269219752
-1.8203713238253607,-0.23310169265086322,0.8045830480728041,0.9632205371152118,0.06323001139939441,-59.93431678259983
-0.6107648931579397,0.6487398651405037,-1.3288724763484687,0.8299411217654609,0.624055614987422,68.61022144077603
-1.0589416706053778,0.17409741376726864,1.0919401262724366,0.5085770128979346,0.30977148827196166,36.9757482334562
0.3829852653748489,-0.41876977614260846,-0.6547568838177141,-1.069270485757063,0.11135601178742141,-89.84916342849475
0.3078280079929556,-1.1394067712771596,2.048839348989658,0.1883249638898499,-2.4752807119262523,-205.72913422938586
-0.16582873042870414,0.6567027116444445,-0.8102077156731248,-0.752662895185374,0.5194396810603532,-0.2510029813148442
0.42163834840262865,-0.3535725028189522,0.020371474352116375,-0.24527269325140505,-0.921154710627154,-93.15356339191447
-1.855926129467902,-0.11934698114132569,-0.7705784323540413,-0.6531394144530615,-0.6993031840976944,-310.94942130213724
0.5698292705996306,0.2738461844288132,0.7784854008154076,-1.482441742983401,-0.5486154777465941,-60.001165197491744
1.2614956167647375,0.5289345430231502,0.4249836561165649,-1.2872210536466948,-0.3924394064392058,29.310109162048644
-1.6446394410898217,-1.6826435970176736,1.578481070531319,-0.0923510973669965,0.1747289521924637,-186.339063648064
0.46655083428618704,-1.3085282003498488,-0.919061282219209,0.2437886026487434,0.45815952177962654,-29.66667421451966
-0.7098707829120074,-0.7965472474696952,1.4164139679178074,0.32031656943866066,0.17388895405601093,-20.83208984635658
0.12027191274969286,0.5700287586891841,0.8210288985780182,-0.9832602537778191,1.5237619070432478,165.19743083655393
1.5238896262709423,0.7833990086099956,0.008802390612603057,-0.35043242954041615,2.359752984465537,393.5842502803289
0.18626166809984043,-2.5255668740217923,-0.9073348991629518,0.31694813276847,-0.8098258375773695,-265.13984785714865
-0.9874379139097375,-0.7266080879197914,1.332902129303777,-0.4280112397112457,0.45540857653708305,-68.10402649415103
0.5615473991919371,-1.1180166650908885,0.2672627624160845,-0.573992491838957,1.7014243114080472,101.07407119043424
0.710128754760561,-0.9337983223892206,-0.029654054436550663,1.5153800491352332,-1.7638754126002396,-71.92746866670284
-0.3297223401026591,0.3355740192436047,0.3811563885209498,0.09571064612023791,0.35741694549401226,59.719700181380205
-0.04155535979993823,-1.28750218491292,-1.8408348155997112,0.6713619693103351,-0.0989217192533145,-133.02835243584633
0.4409855719234044,0.14748575111491036,0.3137287322770023,-0.06859086701682768,1.1379051353008958,166.16868569414802
-0.7865298022008825,0.30262128069485533,-1.3368353829806792,-0.16648061170188566,-0.8520561262556504,-193.4968656660489
0.005602822010416974,0.5698493568742196,-0.21271293716030754,1.4005606474735486,-0.04239344575762814,129.84928621060698
0.8175715898385423,-0.38318631726061897,-1.7605861108067813,0.8694598961499878,-0.8026127687167729,-43.54682194632593
0.5807312530106531,-0.24157712264202894,-0.090818625503615,0.8722014670084709,-1.591465750459921,-66.45539761446476
0.527223832721765,-0.11401967473467949,0.11102552362614171,0.818473155454153,0.2073259111665689,119.96490274588321
-0.07306427644761566,0.18753164318646445,-0.9315119775719336,-2.7013834151229155,0.20723140718013003,-206.3830849899631
-2.2865003348578226,0.8710814355880879,-1.0443836295806141,-1.7801584627408935,0.362726396514137,-264.8676913844832
0.8824021959348658,0.09737320043957531,-0.07979373038704354,0.18759806689343847,-0.8323478110056686,4.828985447079841
-1.2909573241272565,-1.9319978051490239,-0.8932837467947045,-1.8173878402019434,0.2634944069411171,-394.4622664731896
0.7532258832403114,-1.081234960718163,-2.0226711275693203,0.13596674545474996,-0.8577142578211125,-169.73785366866142
1.0469539762957576,1.2582548913427758,-0.43913340316617616,1.1329300767101234,1.9907116037361192,448.7792612383796
0.4460713375840984,1.0374573458697904,0.9333614356363079,0.4244496602209723,0.49957489521114357,230.45389387315862
-0.2051797836984461,0.8668142408275545,-0.6608531243392468,0.3052034852791903,-0.8441060958385912,-38.33660496565879
1.15904351559222,0.546420672303829,-0.6874910583223129,-0.2613790546280652,0.2581991058087086,117.42513173597058
2.031202846544429,-0.6344504830317499,-1.7461373909616775,1.4066890622867663,-1.086071436941122,39.191413941042285
0.4894558876879087,-0.4100108630683316,0.34582828543888416,-1.7330491400461163,1.564841456180987,47.06282223380098
0.526191181923771,0.7789436699990662,-1.2525383944331065,1.3034669920958253,0.2329181731329209,173.83379481436293
-0.5647273015212616,-0.23922519245002252,-0.0728911927906005,0.5570089130155543,-0.27121558534637874,-53.668670062444626
-0.2584768794970619,0.0373390503878552,1.4791286757434483,0.07425033332563835,-1.1389052229683487,-68.22233176890747
1.8883197376213543,-1.7011902606843585,1.2049455751309988,-0.10881578359168123,1.4698726125047843,218.11719363908756
-0.2465092464778733,1.6959983568776946,0.8222164070698459,-0.026565704426544604,0.21444509457954572,160.5440826574773
0.04634184557509778,-1.298334472289739,-0.0943184660455114,0.7227370794687594,-1.019688429567917,-141.72295205956928
-0.0032838969580862493,1.805010681427635,-0.027541814026823694,0.5110118982861221,-1.3002256044688967,45.03944513077749
-0.19397467909001312,0.47753383662142285,0.9344361660065289,0.6488264714701589,0.9155806353540764,189.54968691372108
0.3902736563176694,0.1482449127300157,0.19913502183563883,-1.6970589362190718,0.4531673142641432,-29.939185003107657
1.767120649921343,-0.1492326185272089,-0.3615971617164768,-0.070263915601154,1.21108717623652,234.35637195054372
-0.3206818125758631,0.17023254415459493,-0.017986595301320754,-0.7686714188597774,0.7021206265392859,-6.42690979568557
-0.3675846206499215,0.11362907092421029,1.041159311761478,0.7120673332771695,-0.26878765279415107,43.88809878263238
1.0571725012034,1.9646946414958566,-1.1800363125493882,-0.3088880055896643,1.5623490541421485,319.4004239028545
-0.15446909126354993,-1.6809474677627552,-1.5670976455111587,-0.010785570258028097,0.5790782437326747,-144.97601886357947
1.6324830831908352,1.116972633092736,-1.2335487691575422,0.5368617486531837,-0.928272443349413,118.62524284789318
-1.0324895172571373,-0.36101023956792866,0.4205527217549763,0.629183287744017,0.9883832296953758,48.61319113833006
1.4860504800593166,0.8186268147691956,2.3656768370063808,1.456312841960512,0.9033957030007754,482.2562280181051
0.4283328771802281,0.23103594883533046,0.4735260580794776,-1.382296577589376,1.5288355528107873,123.11322924219459
1.6909376275496182,-0.21369936370080317,-1.3304408605680202,-0.7612530600922573,-0.019461221240519768,10.192843628625605
0.6602831687145451,-0.9912870256557899,-0.6255253647042416,-0.7225519945308446,1.386131853892088,36.77696272805491
0.9501265717147122,0.7735203931634553,1.316288941031715,-0.9047520351981091,0.17382837743262416,134.08926331480168
0.23550079571086377,0.32465479642949907,-0.08308887019647658,1.0058567258853972,1.393860909052639,247.63524207758488
-0.875529597979217,-1.154661210220632,-0.4187499685995478,0.42974041994914225,-0.28490996980731415,-173.44759612302863
0.724292022597699,-0.9386562798884914,-0.9177606968132451,-0.1253112427977703,1.1938390116300046,63.17092016645862
-0.268028826935595,-1.7364794101845007,0.8326216860192752,2.4951214028490583,1.6996162041976346,242.98912442160912
-0.2924262579020977,0.30102479599733223,0.2142789562425493,0.9878589014594128,-0.9259740725739938,-8.73404031840861
1.4541617029468916,0.17256602813476773,1.4178996034390132,-1.9337097467276654,0.4101288306436403,88.39960007881342
1.1764113712178081,-0.2462020464893558,1.128762808872551,1.0222704229385438,0.14476252413604268,222.13344568760957
-0.8979177317867405,0.025800326859211613,-2.0503476678563013,1.5183267973615235,-0.5929835376924107,-96.81184109344302
-0.16320927319271347,0.8476475875488839,0.4405356153665175,-0.9811700876309165,-0.987032607746146,-105.68473254443313
-0.935008827440075,0.8853367263580424,0.6040859249555802,-0.2676655529716859,0.6205433665507751,58.22871526372572
0.932781936305958,0.17815928803231942,0.7896228971149982,1.2188993100925847,0.2120886497973394,233.88437698782676
-0.08157162099223723,1.093817773714347,-0.21292554514809905,-0.1316813703761023,0.49759547705098456,108.10828821121137
0.6653445907520547,0.1970742705888452,0.07988046775210027,-0.48699526166581814,0.5313298488083892,90.00016301737526
1.3175256269140072,0.290042125343064,0.6900315163839136,-1.2689226104456306,-0.5301077734927524,8.530609450140886
0.5202253872520297,2.0723346201113184,-0.6907115696994963,-0.765234471488658,0.0978480254307969,123.34766091711083
-0.8780499004536005,-1.2258081207753655,-1.237334455520452,-0.3550006984353574,0.818643406272393,-159.6220936415316
-0.2771079783570129,-0.6752048210936799,2.1114772469017176,1.0437580892462168,0.2461677409281794,113.78675756768335
-0.6276077326882806,-1.0031060826024123,-0.694748903048178,-0.15829703799966455,-0.6164995403350544,-228.91536181438704
-1.1823220750346481,-0.0484698828839458,0.08408376654388924,0.6398541118445724,-1.3852155049472104,-190.96525446464614
-0.6886208445880417,0.2588591678858171,2.3402555655279875,-1.211069840305444,-0.39875800604078593,-76.47742510618991
-0.36203916020903376,-0.08440362409435381,-0.42299903471903694,-0.1331756657917433,-0.5243044970541216,-118.59348168127603
1.4504596216361032,-0.02003295710967161,0.23711102256560349,-0.3438246687559746,-1.3343898080911427,-31.07901170728162
-1.2371701106544923,0.27768602334856635,0.9755477738724331,0.2706088082521809,-0.5290080925885444,-80.74164323172509
-0.6546928841317765,-1.889014274527039,1.2627772336246121,-1.9118766295149947,0.5067517627207301,-234.8734694353405
-0.47103954489434896,-1.7551887734142062,-0.005933450380422131,-1.783255000593144,1.3370778744250806,-164.20705066269687
-0.6458871006481982,-1.2340735079135232,0.4433938414856199,-0.27495031506251494,0.8396894424221313,-63.25685294939686
-1.1639163689943177,-0.042552480268367374,-2.0690792974580403,1.1486248063883233,0.3609790410924927,-68.98135027765362
0.4632296495854331,0.05663267574026048,-1.9361680915723225,1.1836484778034175,-1.8527543603156638,-134.50616207459797
1.5113874881789153,-0.7893812767439055,0.3133711290747472,0.2170680116944278,-1.7331226277081349,-77.62205709633288
0.34951634499121254,-0.12987022912004356,1.1094556931171122,-0.9974245713422542,-1.0859772022923133,-119.47409971764547
1.5590419249982708,-0.6427051358298819,1.0272780456601638,-0.18442880212182675,1.1702717190590939,229.86691872568056
0.7139031931272065,-1.0404607950815834,0.8919682902345853,-0.15275988493545176,0.5772570376316243,63.21570122150524
-0.8246924201640446,1.0103954485643516,0.42259312966977985,-0.5731635988123964,-0.3388751131687015,-51.87328997734639
1.7214225180904947,0.9147440915433499,-0.2587589090572008,1.779252235580364,-0.42215804339980983,289.4452742503968
-0.06161751717915864,0.6418267748900318,1.4363510561078086,0.8479968745046602,0.16162935161654202,179.90344388145698
0.9367737760731515,0.6606179861780842,-0.013944743123895128,0.22073380775566953,-0.30237163194244343,114.62999167267061
0.016463087386845203,-0.5080761761342789,1.2185165570803527,0.828581965983214,0.31526132402471607,104.72905147568233
-1.2092315146482837,-0.1349807396712998,1.3060231764880754,0.755850901680857,0.41594355515321074,38.8065048460642
0.17124984744484845,0.7344611669138359,2.0603037124728307,-0.4238194428414922,-1.049391153901619,21.92456056441302
-1.9279233408668393,0.17812948442239346,0.7446150849318418,0.30754734466589856,1.7716274565814618,80.4633903947563
0.847979557559629,1.4094948228571906,-1.2446900227040387,-0.09214208765886242,-0.06923682288696584,115.32373143638132
0.058799419124334604,-1.3476169698257459,-0.630982230087725,-1.3157057674181423,0.3674829006780422,-183.11052124250097
0.048174590282129906,-0.12968136272020497,1.1292645514333797,-0.3121877568261064,-0.21094123914163995,-4.300836014231304
-0.20177524920839424,-0.7029596455799797,-0.4840720700346118,0.2424105480344658,-1.0958794663741853,-180.1423782885792
-0.8084985326566377,-1.0150625115844125,1.4960962855472544,0.8164080518183774,0.17456623533180554,-4.947960836203292
1.692315773257891,-0.013537979997476201,1.2354889741762818,-0.44927032267207295,-0.9866482867137258,59.16619221066281
0.8609617987906912,-1.5245436085188113,-2.1855174285799626,-0.9263483998579982,0.9015367817942579,-109.2314401737598
-0.11995402176680106,0.2884567977382307,-1.0363738599530263,-0.40904251632482086,0.4624743126266479,-17.32598110439762
-1.6881897362423774,1.5253283562211486,-0.05901066884589375,2.2209412232675985,-0.8314534471601966,51.31633487566704
-0.016538105191716144,-0.2036006997327839,-0.6882496610044406,-0.2775427287005976,-0.2555255623608845,-92.48650523456459
0.07663620058636032,0.9143078471059006,-0.33106953837362385,-0.11839180782277126,-0.7160089330159394,-22.573324453892837
-0.15412581545900597,-0.8467911278082636,-0.8532094084165528,0.037374523665785656,-0.9774163806177619,-202.86959884493217
-0.3487898919144753,-2.1766404225476506,0.7858962151563572,0.6680533112501372,-0.8118606537995534,-187.38948771554004
0.2512659032384134,-0.3250029769045596,0.11069190301076032,1.9042887488694555,-0.35578861929561434,106.07273002975349
0.4372940868051073,-0.5731409976027446,-0.3689864683671081,1.4144377537639914,0.09096286519468104,92.96399537183798
0.2130282306667143,-0.8192103906927767,0.14694665735942358,-0.1670233925711659,0.6795470426357968,16.292480954952044
0.12322261410017861,-1.9134316443884734,1.5110238224282722,0.2240904911925149,-1.5859626032825405,-208.94191901359335
0.5410363637822097,1.5284717813084439,-0.9230230326869004,0.13261332443131835,-1.4402047269239093,-16.2632288603208
0.5034457295386197,-1.0439243359976247,-1.279566317838236,-0.040976143624514044,-0.5762932759168602,-143.62838147846142
