-0.9670884140131794,-0.058438982590737626,-0.9740715341688102,-0.0978514862384099,-0.1170403909795074,-122.25437160655953
-0.16907318716849742,-1.1061517267901417,-0.7853127890800229,1.73693456677812,1.1482691784328771,0.8187799832352312
1.414183568101218,-0.8448278639345381,-0.3370121159668314,0.6889980048022812,1.5418875961778744,100.63356269727451
-0.2684634209709661,-0.6014336405356988,1.2546363975998969,-0.8289184026905005,-1.167235135356377,-33.744122744811726
-1.1023097454484811,-1.9618427372792346,-0.30014532161854796,-0.4807063859174599,0.49419526499425764,-128.0016699978345
-0.6838888465962384,-0.751835860036246,-1.4936348985689987,0.8358635008135267,-0.2605331239394812,-164.03700700019954
1.5527569452264485,0.5812802395524069,-1.654782149653857,-0.15913575343001335,0.5923571269976936,-13.937177993211465
0.8831545341433683,-0.23756149519081501,-0.6278050868895798,-0.4176163335052915,-0.10448679009220607,-43.950211865631864
-1.7988017456468335,-0.9412085160249313,0.986607823884115,-1.0081531449169787,-1.4115040906369365,-142.92641861584528
-1.875590403634309,1.4294176768267073,-1.2630309995542024,1.331308831794127,1.7393920606400586,38.03903852879174
0.1714051346778467,0.6030084082579485,-0.2599580173781452,-0.2704606673029725,1.1421302209175899,77.81138498164492
0.13773139734153927,1.3060639025721945,-0.6380409976821025,-0.234801644067384,0.26009284593814463,23.565372672934167
0.7172470444687447,0.7877363718117318,-1.02753218801209,-0.47619270916841616,-0.39723748239128576,-56.161660340966506
-1.0324998504928478,-0.4277312095063831,1.5633583158208695,0.5768420661314791,2.30257954952149,222.50281279134907
-0.591570771837088,-0.8366590707182237,-0.48246337919003823,1.7440321913612988,1.3900797983448365,36.079335401400265
0.4958016055239747,0.17968224619519393,-1.1157327486545074,-2.125906616497841,-2.787382277010132,-286.1003992348517
-0.9346724989297156,0.6320462852376939,-0.8158443579564228,0.2624313645403759,0.07450283195949904,-55.93559517279847
0.27976902153335975,0.6608198324997474,1.0375322904562656,0.7080168993682578,-1.6129278619419787,32.8450956135571
-0.6645455032477569,1.227741231208353,-2.1436259096298795,0.5144889322097318,1.8021694327688176,-7.343760256690916
-1.1060949223287115,1.6618082527825353,0.8552322302238993,-0.48833086899000394,0.19664585492031875,98.40662566541931
-0.8525799012156459,-0.48707933838960454,0.019056368483141573,0.25174913313009784,0.1541684566588398,-34.54208867724706
0.9329982790420838,-0.26702678852046335,0.8699465852815838,-1.3786977510683958,0.7795662580445827,103.82365040160275
1.0894128032862365,-0.2755944158056489,-1.0466092777594207,0.23609133612254385,-0.24298572630496887,-62.60728804430176
0.5911615899042714,-0.11613828427126255,2.028134330880694,-0.045931680666859286,0.07867781156706993,174.4582931797769
-0.0987981637175628,-0.9505786630647518,-1.87673337146391,-0.18712007830056124,-0.1891096681164959,-204.0051535823025
-1.3832762112105952,-1.1807185528610842,0.7241568828840512,0.20724765144664348,-1.0638247667281742,-108.21629904603287
1.0270120621530798,0.5890060618479147,0.9360390356696292,-0.0559237311118804,0.9039323632654891,187.97749183420757
-0.4518875139683185,0.6949928806694406,-0.17777005115873076,-1.0952229749304048,0.457412403498773,0.7496374932892449
-1.406450492207893,-0.9250458884302409,-0.5670315604301024,0.8435047621475597,-1.9751813805911167,-236.72583716865608
0.692906194689401,-0.040181571948226504,-2.1886725301530974,-1.4738291993311903,1.2745879529344144,-97.60784341774168
0.6473232657295268,0.661234699465745,0.1613685089760538,-0.8435454344576571,0.6630563636613375,86.36046838599574
-0.16066136324551247,0.11801382538322475,-0.19228846843153682,0.8574830372201425,-1.4345634537753964,-83.28826925796247
-0.6565118398695904,0.036752735420664005,-0.5430880591017089,-0.08042305843877279,-0.6301087931223098,-104.32557717124692
0.5197072418453178,0.9179881201127973,-0.24027456111317538,-0.9393756736928802,0.7662256385771812,67.02088793003327
0.5124868462376012,0.22735153843764577,-0.19430515659365558,2.146786422174654,-1.5507178757369158,-32.122176499469504
-0.006206060230638006,-2.2814977086013672,1.2579436697767976,0.9815356785264971,-0.2668307753002972,2.4370326925339008
-1.089727504070442,-1.2425957940813146,-0.9090254174937721,-0.5667188243225928,-0.3223330862663839,-197.3593295775748
-0.014379412607670882,0.9736933734220422,-0.29145470095006887,1.005809800059779,0.1776996902297643,55.592465922999395
1.1090858589152586,-1.1771252121232587,0.19574251560674094,0.05339248161245936,-0.3576049950510791,-16.256050334609206
-0.0885816388090386,0.0450594956826953,-0.2836401513029295,-1.189743608847773,1.4567132815145285,39.785404893546236
0.675334780657768,1.0569398246544381,0.5386317612888415,-0.26024005185546606,-0.44182337251362647,75.82542130969979
0.07961261296349949,-0.04783421783695189,-1.2501273588382182,-0.11825913401153422,0.6335947186563448,-57.91565908502859
0.8400655695104127,-0.9449657871292484,1.07038690748784,0.5121745595931256,-2.9510539681475505,-104.4157902274669
1.2885777220300545,0.25866816273908805,0.5757615339819839,1.0050112065094208,0.6316229746141973,165.62244264641689
-1.0021923004014062,-3.2800458387516582,0.0792655879266174,-0.6694987669619233,-1.183190367903934,-262.3723033439481
0.9843436765465358,-0.27018100054420063,-0.5980857533539535,1.8218469725776651,-0.858765166298895,-32.71493885521354
-0.29422823028677575,-0.11940249972226026,0.7921713654919602,-0.05772269937830333,-0.37491096225428455,20.211923440998405
-0.42146682654433576,0.37662379837722687,0.27737854232433723,-0.3283789010826028,0.46145029213889177,42.24863782704744
-0.19477283578010893,0.5231892281951677,0.5201010519237572,-1.5331011730255917,-0.04944326585659118,14.433850121477963
-0.28222225695004066,0.4131096499404004,-0.7782228866649213,0.5860863927680606,-0.0556688264488512,-41.35478569776453
-0.2057535361043639,-0.1909154007582568,-0.9594447985600558,1.5428420433207224,1.1901452438863527,23.39259507659715
0.16151662023479296,-2.2329952576707544,-0.11895111837655989,-0.5475809629783404,-0.49691191783619226,-145.25492961824082
-0.44187348835039214,0.8315546435107016,-1.5745334426583526,-0.05116617181559095,0.5521326503681955,-65.49602868185171
-0.20356892600610946,0.15038761572680065,-0.3417450166454513,-1.1384907967325644,1.020493582785613,9.505699140064058
-0.46284895005626203,-1.1813651545813768,-0.4954160798696161,-0.47790848926272866,-0.4430077161989593,-144.22655887198133
-0.6745271387487022,0.6798885941918096,0.4955129200433646,-0.16888600858641895,-0.010478237481717351,38.1509554543023
1.2079723455876876,0.8769427417231519,0.16837898672115412,0.7486990916300393,0.3304053171474675,134.43739439496753
-3.1235172966241636,-1.302543188066107,0.07896129685378606,0.42564700798438104,-0.5874791262501675,-186.29920580192177
1.3986893575006891,-0.16584883184072824,-0.5104994262998207,-0.3684530728557456,0.7504098402616938,42.40635787833972
0.9666625023877226,0.5052290991870346,0.15672010409716264,0.04463760728595939,0.6666902965554684,110.77417613390617
0.3483210667852858,1.718402312661898,2.5422683451906054,0.8918418815920499,-0.3217193819938688,281.7209598359298
-1.3837616773357482,-0.33262714765333506,0.2565923647600226,-1.1173067517632809,1.7953069243145419,41.302099522858654
0.5347947709387071,0.08032045650423655,-1.4447464420157416,-0.06802867811115355,-0.09130812220855648,-94.39612525000163
0.3361709044543005,1.3103153371942695,-1.3649560050695544,1.0420262740677582,-0.42322734833674874,-35.04702489968426
-0.7260234642764417,0.18173715610152452,0.7283013082674551,-1.2889875323248143,1.1945917387869558,81.56770608912424
-0.8200211232795215,2.023307376534529,-0.626441676482388,-1.7744317314031957,-0.5273244193884906,-67.4098045855212
-0.3049607977117541,-0.5176264085487239,1.9872341361221217,-0.2840621709233322,-0.7889581560083377,62.45445143601321
0.27452551460457736,-0.8116190502046099,0.47476531257691534,0.46852914341524965,0.4653322856130079,52.357752476825006
0.23284344586333064,0.43139521888515175,-1.1794937692365917,-1.6464336410118863,0.26548495978337805,-87.78957078831795
-1.497188589739396,0.018869451117213627,1.0920247645824206,-0.28533320203418633,0.9759502789540884,85.18046932508715
0.7598434792417643,0.8096199093250755,1.4109165631708684,0.55785962007327,-1.5124742851164892,86.26394650022422
-0.4818496778637761,-0.06980355029931914,-0.4698473494661123,-0.16436892327160055,-0.901195770635474,-116.16180294474147
0.9706112718118758,-0.7761550899243448,-0.3164940534755386,-0.02812414946098352,-0.8885321620843282,-79.45087763671998
-1.3722505890177068,0.1521494671970835,-0.10366623235608508,-0.2500935800838955,1.6820757658897538,50.68640043331271
0.09583989943037237,2.1960610427339082,-0.194366353788283,-0.3802041737437452,-0.6948180954645138,29.52936170873816
-0.24684400310912652,0.8389132534527991,0.5863375118328483,1.3592124998264852,0.7496412539269003,152.59961926267124
0.29687595342785894,-0.21033276665380482,-0.3887242636229129,-1.277309345929039,0.7665930064116725,-11.531040055805843
-0.15629560868165723,-0.6495439782133272,1.185953527626924,-1.109985161992833,-0.9324906778143586,-29.618298061933668
0.5763392629603268,0.4184689435571456,-0.370949760206991,0.6449296221058477,-0.5171915196410275,-4.30163967584158
0.914523359086363,-0.86594651763064,1.6144170541785072,-0.03818063503660263,-0.8239642640090717,63.476143658997394
0.11662174155471215,-0.66775550622495,-2.1294019837694824,-1.3393453715608317,0.6987323263937356,-175.75591511305495
0.2460404519694864,-0.9849738128255932,0.8810023488752815,0.45348714515886773,0.3075438064277483,63.44922404243005
0.950067575188737,1.0426395483563096,1.0937718269709111,-1.2682949775212042,1.534619346420636,226.4957008467963
-1.4473927148256038,-0.15012851246047318,-1.6627228871801154,-0.005587937688670589,-1.2244046618656717,-258.9197369006869
-1.8340291459983749,-0.9901271242290829,1.2440744003321547,-1.4426316857736488,0.9956236840428023,14.655697419134652
-1.5148959774223594,-0.779617525351825,-0.10249050939005104,-0.7688587826222355,-0.9474072551579239,-171.87167493340624
-0.8385597258085763,-2.0587659838694665,-1.545298695310504,0.4567354456293053,-0.3996066075670651,-249.63637459273681
-0.7283177804850325,1.471030960290914,0.07165163836889424,-0.9442242226540212,-0.6517457823536681,-21.661442043996363
0.7979197246481469,-1.0887010946769302,-0.05565504920036003,-0.5348061366717773,-0.7824020309159005,-84.47116056195944
0.4123773003893143,1.0948992342128678,0.7641553700044015,1.6465967905740462,0.0295269141056608,161.0366033959824
-1.1241777097544603,0.35592325248019113,0.21410360493891706,-0.4646697670133391,1.0993504291279494,48.70568211109155
-0.539666966659495,-0.8586862581217612,0.5080311924755377,1.0085520046660954,1.0388155621657282,70.67893429129049
-2.3022370602189564,-0.7379295977770488,-0.08625472004274902,1.2616893855115288,-0.24920998658246965,-106.03014118403956
0.4341167726807027,-1.0479940691639826,0.8888528271933261,-0.08625808068919183,0.7527875205564103,83.2540202334103
0.006760271880182589,-0.11612302987830807,1.1745780668803032,-0.22190918360429773,0.48155020252901426,109.12657017030278
-1.7805683641410406,-1.3823248447727956,0.9325531592570456,-0.6209773811547324,0.10962007531004699,-61.48183895165728
1.5620691546412677,-1.6329453747703413,1.3439356729485963,0.19014383810233615,0.25358598201287696,107.90551811886412
1.7093446430088777,-1.1376653783550625,0.8466669438511956,1.2013476949947635,0.7550507740165507,153.33920849709637
0.047446627297806694,-0.294472049900511,1.2067656910864617,-0.35067999609269423,-0.8349564903583897,17.47019418060138
-1.31180748786896,-0.6521100725719466,0.28833674842323737,-0.19718621289977212,0.1723985464277181,-47.6479824817773
0.8309668772895109,-1.7291992356971038,-0.8733073923921746,0.02044077974300389,0.1308992933055255,-103.64088718909991
0.9342961605970832,-0.5360044394621215,-0.192759770252916,-2.214818235798532,0.18582568263573065,-48.641686825240335
-1.0070180259299504,0.32962676082712145,0.7230302546787204,0.3614469716730539,-0.6875994538977863,-0.39817060049493525
-1.052573038382897,-0.6654101947754185,3.0125167232658976,0.30557067093001977,-1.3586207329322995,84.81165368537353
0.8406482542179607,-1.370793583629974,-1.3491756514352453,-0.7549063734712934,-0.1333796596969834,-157.91139890471467
-1.1666627745801055,-0.058873200944200545,-0.31889681823100297,1.4307384399146506,0.43473926849699485,-8.036137693837915
1.1359921314601986,-1.3456290898890173,-0.03918387793051566,0.5114649238844586,-0.717032878617589,-52.91547133634266
0.5649797460449834,0.3237216203809133,0.3778132515359774,-1.7820106456521914,1.9342289557033656,140.00364372299916
-0.15078785598842248,-0.9854896853816227,-0.7171146012114584,0.9113976405299565,0.8229609638459332,-28.150029680017703
-1.757741899667135,0.15119590898139276,-0.12791198887192237,-0.9966801266502688,0.7877911281310807,-40.48496632251753
0.7317159278636403,-1.5673150020130935,0.2868064533886264,-1.2661356706643838,1.3492139874545594,34.433962942873904
-0.40272877258009165,1.2315190807481726,-0.3298679691083502,-0.17095274580898942,-0.1401902660993678,1.638713960517816
-0.17109921104080147,1.2292634491352061,-0.694210565694878,-1.7747892673911068,0.4023704507723033,-25.12031437753232
-0.31828726522138967,-0.7410641966881236,0.8292017118640245,0.21699505687356588,-1.5065474123376694,-71.96852582113425
1.3476008629622684,-0.007556748824777516,-0.7180319132614688,0.8498158365880792,-2.5090353948155784,-144.59859772826871
0.06685234270214002,-1.867441514633083,0.8368822659015089,-0.2944684370517355,-2.2464033658694267,-163.59166090624146
-0.6467817783617146,1.1754467725567301,-0.6384174703871156,1.3787149649016088,1.116749742161397,82.43873682381103
0.07876227645561334,-0.1312028260757293,-1.2786048232792735,0.0329304236573439,0.8909191130675265,-42.91862282354841
-1.0666001017550646,0.3044590786890871,-0.8033330293316113,0.11236102985608001,-1.2957980960299718,-164.7290614679467
-0.9108965952242405,0.42575872932549486,0.24579326108685512,-1.8512697151418855,3.431790848871383,174.62681641422947
0.2942201278151477,1.4167286559819647,1.9486646065214999,0.546328551647324,1.5820617214252068,330.9976299815951
1.9117052146659477,-1.641001624439309,-0.45406297955111824,0.8308900795492912,1.5536835902595234,79.95991228554374
-0.3171761148299694,0.09672581667665768,-1.8011045386804492,0.9039200139990835,-2.161507473729351,-255.38629127415766
-0.8569382525273336,0.9477629486511422,-0.7992263243190731,-0.015820811517890814,-0.6027756911920901,-88.62015056151972
0.28038981592748274,-2.1056942685126336,-0.9135764454070404,-1.2411688586019747,-1.516200547739274,-274.8159025990107
1.351095418751292,0.4102410061946008,-0.27366569309710176,1.2791412894130376,0.8965839062675492,132.23436986857143
-1.3040414704680714,0.4634721537801415,0.9043810252835622,-1.1778840603069656,-0.48192249313590163,-18.094780516029964
2.3802343698770083,-0.5119622433749311,0.0027971012431868645,-0.8266032546731917,-0.16968482387631068,34.04937829494885
-0.41701535870144385,1.7293533707628819,-0.6441399047651464,-0.5476483429311491,-0.508984233855151,-33.77964626652521
-1.6117229695043305,-0.2833231785683328,-0.49710352383482875,1.0398557082712732,0.17599334483541285,-70.23530900079201
0.3013033335664607,0.04818151230023922,-2.066949748640832,0.17045987484606934,1.0588139441118807,-71.85812672488782
1.1137188705419603,-4.612935835307033,0.973464039885357,-0.5625062106333837,-0.14416893384487184,-108.62876224536997
3.0036647196045814,-0.35524938392308997,-0.5533497658610196,-0.9380968170167667,-0.6405183152202701,-12.631242287566767
1.5544360060545004,0.7615302278138218,-0.08873204084861555,-1.939851143931653,0.3438264311359213,55.85023515108263
1.4594916635161916,-0.407118496664086,0.04969532520819728,0.047313322328383485,0.9040256029976723,94.90050856544082
-0.4900819230843762,0.0963840410237562,1.2928481803184724,0.6535289969717908,-0.2323337088971628,86.53369897250013
0.5901431761171172,-1.1932951916396033,0.7475445858564975,0.18593284407043434,0.10555797799346076,36.83713780461515
-1.020925059683764,-2.524248078983268,0.057617663826850116,-0.7004875048941159,-0.31551227763218814,-177.18317293807084
0.5973877067946209,-0.5238205442843239,-0.12866578125525807,-0.20161827808127084,-0.532402649233344,-49.7837381240776
-1.8112311015569054,0.5072759732520906,0.1184341433581616,0.04074044701089182,0.9261607358786075,26.704522645335835
1.206497963834409,-0.4075318599344656,-1.0311357995295587,-0.07767742072481201,0.7270158972720714,-8.596390313113126
0.5857681158241997,-1.4348368390976551,-0.7343736585530038,0.8396433806121566,2.0556957285616817,53.61060271639012
-0.028281555735124187,-0.22004211902424142,-2.1675302528261775,0.9154781420397007,-0.5939086547693188,-189.74137720877815
0.8339437589932852,0.24793825461311664,-0.26373076213626523,-0.1516358067374654,-1.2813404148951226,-63.88309755146365
1.3694661573809404,2.3264320634567244,-0.6219188361768876,-0.7809579178187228,-0.29359846490543745,65.12948485889628
-0.3208561647712525,0.9450816555640318,-1.0786102114612746,0.41601127785396214,0.39377643453664096,-17.887681444522624
0.8561922722059835,1.0191149498590977,1.2448778415302668,0.409583886329728,2.4454054936146465,334.31948838568627
0.5526228162887358,-1.5241557530701297,-0.26675435398749925,-0.503714690892912,0.3854931471796366,-54.77597206569368
0.4026691163541507,-0.8074788371463615,0.7533246858199059,-0.46473076849592604,-0.05816402107298037,20.99602404911923
-0.8172304485774283,2.1285915946770397,0.7996517956576864,-1.107511841209673,-0.18151025860414355,83.72805398995058
-0.15885853843976,-0.008724575202160533,0.0890623113448151,-0.6232911539845387,0.43347225316679466,11.647065656698947
-0.4785677874544396,-0.49625084189198404,0.705826605302418,-0.3898341407388122,-0.5257201205287936,-27.90800837454034
-1.1292674555161104,0.7969540347615407,1.1566835451679074,-0.37022851293576703,0.6384746770569972,111.63597891071484
1.5150735227035326,0.28448472484820425,0.4435045713995047,1.539752265189095,-0.5232848458496889,105.67706339105631
-0.8066686705133971,-0.2787211202988679,0.6338060231957124,1.439841699336569,-0.005697768266207549,43.4922067672102
-0.8319659774007323,-0.8950851263253582,0.28794609926656733,-1.329089425750657,0.48178928162578605,-48.72454616036247
-1.3087786048363994,-0.599075061335538,1.5106499492908374,-0.2416146059193667,0.01942001805816131,37.36623781621277
-0.3335340607940272,0.21031671012311698,0.2593861347929498,-0.8044188965276151,0.654626862466097,38.108122965260094
1.7423982572373078,1.207214649951421,0.6597743367868053,-1.4030432143681653,-1.0081071128342622,66.7169828199925
-0.4120980332193701,0.41026288918807147,-1.5394819738405376,0.5321232184707558,0.9240777498824553,-41.65870029391934
0.5785893668840657,0.28997360618355994,0.5300763282173305,0.252482177129781,0.9714266353904352,139.1774370573338
0.675583275156433,-0.008678960710057223,-0.7130901378814432,0.48571772863150914,0.5934193595667855,18.834147539653713
1.222341089160139,0.35054929292706066,-0.7320234710817844,1.0507540785108482,0.4391888159170022,58.388599812282905
1.1005986902376972,-0.7554479103126788,2.110887792770912,0.5912758710664564,0.10382521471775827,187.45925998443263
-0.1106038897680492,-1.0833861912805052,-0.6137493495604772,-1.5415226044724513,-0.144136483079395,-143.1387590271982
-0.669942908436245,0.9711955633299459,-0.12048640621984119,-0.9552070458304208,-1.5970464840769607,-114.06769377124698
-1.337157790122135,-0.38081642033267055,-0.9920572261458449,-0.9846899216199927,0.8147839482636795,-111.85425714512847
-0.12935352626950217,-0.4348737747187967,1.3834883517456402,0.348897573745337,-0.16313880964893995,81.25521495212696
-0.4424458056052489,0.3038477222492383,-0.28478407295661484,-0.5740131188537557,-1.7246129670605734,-147.10078034339986
0.625205710974681,-0.9478392665081946,1.0614895109886981,1.159536152318898,-0.3522073895708164,68.54913971262197
0.4643552731580597,1.793593578519821,-0.13354860771071841,1.9611768838305534,-2.1821517312115266,-6.591187047993252
0.45451720654593725,0.2697535231376081,-0.6083908087353337,-0.1846126597853285,0.1796472479976085,-11.008089454157703
0.012647786789533154,1.3855154962980096,0.8480933193505326,-1.024955546861527,-0.7400709454405423,54.31461091187569
0.4487740066997699,-1.2313610348736956,0.5793715630568838,-1.7629780952426135,0.05709871666857058,-34.42187773028058
-1.4728535627520034,-1.518015314251692,-0.26101419367764495,0.44013231836864836,-0.5156613669878498,-160.90529756683054
-1.2239801818444689,-0.052551018201683786,1.3567323932555502,-0.06514518343558455,-0.8816955339376905,0.015072326780456329
0.5353128461386746,-0.5666127168541718,-0.4191771055441005,-1.080947419280756,-0.6468069775618935,-106.05407642411187
-1.3316315027590624,-0.7510518098991269,-0.23038885462462505,-1.0659066099386167,-0.8242832012202338,-174.56901088093585
0.0912415088441107,1.6240851051229928,-1.2482432250622548,-0.400640845197265,-0.3081040956591361,-50.24084545008486
-1.8210944771684598,-1.5129274854211383,2.3562919635805466,-0.4259094675005131,0.3621332316284266,61.468235053463786
1.1953445360360846,2.0696771039267383,-0.29283667254019013,-0.2556876948920411,0.6215198003058124,141.62625295300955
0.7722563799056963,-0.036211775349812174,-0.5310351307654834,-0.7306691469565046,0.7529061014057016,16.4948842808894
1.4419599000001169,0.9623145278797665,0.06270266097521812,-1.9149092240049814,-1.817144671475244,-63.6549562525185
-0.08409081266487559,2.042735274859672,0.19041925176583296,-1.1371414262635866,-0.5588698913186991,38.2511854756024
0.2241380511801316,-0.26401561104797644,-0.8647881309047782,-0.33827204895401636,-0.6592081702702954,-118.8717296684642
-1.6632847975285767,1.1027039931153304,0.9528115818067406,-0.1398402290020646,-0.27927047069413447,39.93032366632032
0.8261728763655992,1.2158747509305088,0.7824663961465255,-0.24501384548564428,-0.31052228455798286,114.53575530722435
0.17010832876908288,-0.5269119545110729,-1.7561860272782994,-0.513989501960204,0.12757484823057533,-155.97912827032565
1.4980715631116113,-1.1010917018786646,1.099861172809668,-1.2060389152631843,0.04272314659564508,60.90563213032006
0.2656094305189613,-1.3674602574851784,0.8136472782734255,2.083456840475966,-1.2622432414321945,-15.257566960063365
0.7552578902272925,-0.3936695359958035,1.94474174165134,-0.017923655508855885,0.6228910811815862,195.4810186037254
-2.444142236429397,-0.41023320013763104,1.2737511459284316,0.05881794408124555,1.557161572526979,90.47804744565725
-1.4531339928357145,-0.05579638035884381,0.6476092876980886,-0.650841964035566,-0.6068429363796183,-57.98876454713217
0.5339471025615716,-0.5907778349578755,-1.3925181992349729,0.2082315770604992,-1.7156547194457625,-214.9572329407877
0.5745514124097943,0.9699628004528786,-0.08132778661724867,0.8943922488161444,-0.5910557046014977,39.7955005311447
0.40070576678530995,0.4091260066436429,-1.1370812297798278,-1.3732836388212755,-1.1968812607444201,-162.65940469442094
-0.11139287278219719,0.8773164730673311,-0.6049172839910827,-0.9878779501785969,-0.38922175901169337,-63.64879182866165
1.302499443453193,0.3001752052837058,-1.3284147009252578,-0.7857772575256535,-0.8756799293331864,-116.62484102648597
1.3056938355764514,2.154986051193901,0.3701707451016395,-0.6983168372983453,1.7026848190898747,257.5247442063398
1.4527933294246194,-0.3754612177633007,0.030943999851629808,1.1205212098567459,-0.4789800943231281,35.955207782720784
-0.578335357640035,0.3217032718060908,-0.19014105784757712,-0.3272042467643405,0.9148654293799703,29.49053826149943
0.5795666124998154,1.0189139080702692,-0.025595232777601114,-1.1366336480014003,0.08534921037779711,40.83617006477038
0.41734566730076467,-0.258092731529775,-0.5320287252246158,-2.4259330030016617,-0.9080924156474013,-154.51602437555366
-0.24055996080206954,-0.9968536616466511,-1.2599790959762396,0.08019544180901404,0.39806904957124584,-120.18522568591858
2.283636267658263,-0.9671203761888504,1.7940763896079948,0.8059606184981727,0.8506494208040851,249.79243804653353
1.7845745267626767,0.26672559798417633,-0.4010387434761623,0.503126926917705,1.0567546309776035,122.57499257587364
0.5801897778535431,-1.1737509622478486,0.011482152237241371,1.9036141343135498,-0.7529058521928509,-30.204859881340322
-1.2854117261402003,-0.15412616565914436,0.49224324617053394,-0.3926183741592483,-0.4560798262882452,-54.60315028442395
1.6151503448378406,0.11421655539331615,-1.3776166016175122,-0.31127450787643407,0.6683669172535508,-7.435478740259489
0.7147101215998816,-0.3966106902343745,0.2599978964492535,1.416753830252391,-1.00518892947672,-0.29657775705223566
-0.10953055580876424,1.8714721566101573,0.5696990166435627,-0.04275159841375245,-2.0082957456779487,-6.5447643789102665
0.16740990676707804,0.7225349698630511,0.5120703145741545,2.6364188532870245,-0.4290630457691424,115.49250450935752
-1.1060725468843247,-0.9398724151179285,0.08491810135332906,1.1316826356323397,2.082517601737032,84.0880021425842
-0.7820778375076841,0.7383948004885514,-0.06877767826612069,-0.15801261149826193,1.347298161945737,78.6207218133091
-0.34235885919160736,-1.721441260507444,0.0007848275869759755,0.8264356753552281,1.4240394273403831,23.363841982515616
0.8925596613359825,1.1020370788413663,0.3849043137558388,-0.05867577057925744,2.4984079645150383,264.1793566447632
-1.2395233183703604,-1.1643256799552455,0.6687277311820203,-0.18717327207201534,-0.2120932315053749,-62.45358017638504
-0.47576644335188467,-0.9764619797539462,-0.3495974836384772,-1.4132514816268233,0.9357099481921877,-61.29829419077319
-0.5836317031914993,1.1676410267058739,-0.7228734198598307,1.2356524343706494,-0.26783975296913765,-10.5111433668589
0.2946742093030994,-0.23490563004848056,-1.1271785792918576,0.1870765690945273,-0.4894084166619207,-110.06640989797
-0.8094265161819162,0.28053434590560217,-0.2139942201614383,-1.0244894405862852,1.7155296904181523,49.09706447310512
0.5096454087048895,-0.8319498524409722,-0.7953368348657823,0.2798207801117224,0.05637898365525287,-68.60745344927267
-0.8766786873587588,0.40306280168160474,0.5308147016429847,1.1553854103797487,-0.6354545041926235,16.32492928596573
0.0759660509500829,0.7884305225397626,-0.006646865239755214,-1.8713993663311803,1.036682233603929,56.63489814560988
1.3832910092286397,0.06089911909842255,0.13576030102546774,-0.5505329175743522,-0.7262450872180639,3.3181359288977927
1.3558548163869792,-1.225181398949457,1.4228730857660576,-0.7152568938717403,-2.3656074525649444,-63.43693904584539
-0.3807724300220337,-0.016508084859209658,0.2852789381038441,-0.40973565775171245,0.5795797108552828,33.689907891829115
0.4936516309765845,0.31598571265349845,-0.4811891538861537,0.502149289341874,0.6301939073616899,44.35435709774319
0.793443906485368,0.7198068643908754,1.204083144872453,-0.7602257670545894,-1.4138257650832715,42.33097959985377
1.4385921348657384,-1.7392453335425582,1.2895960585847306,-1.8473692781779925,1.1966861669090687,103.25000187038333
1.240087933970501,-0.4260098599472859,0.3068425518419095,0.47135707542628574,0.32945989786011076,79.98263032818448
0.013739807301344636,-1.6049478852769954,1.4548097071337278,-1.7296940110271721,0.8378504308067046,51.23430900955297
0.4277622631923799,1.1874134318072531,0.8947508315358802,0.34030413665269627,-0.1626190081523362,133.53127853430382
-0.5397270134675194,-0.5239190459587226,0.9878019156009848,0.6920804430544175,1.5234131485600177,144.90048305175827
-1.471806675659482,0.5025253924542532,1.0616465236593604,0.8110501055539111,1.462860582687127,162.21444330523133
-0.9660130473866546,0.21890371046521662,-0.8084714362348167,2.28566292936251,0.2835883597685182,-13.305565477568793
-1.3433368811383413,-0.8860794205784213,-0.7087581890317796,-0.04982463429574605,-1.6340358748020676,-242.77561767026882
1.416314662043217,0.278200393552724,-0.0077969110310387646,-1.4980526841582784,-0.7537881691783871,-25.020456997538094
0.7962256937875128,-1.7299798141067297,0.8866895081079251,-1.4084392766873681,-0.3230719682745072,-33.462627591741885
-0.735953467355923,0.8035340325651127,0.6677510403120882,0.5465749541153371,-0.8395961459016391,19.863318376984797
1.13165320021026,-1.0453795695905064,0.09324166155788968,-0.38856045016527957,-0.8207135760898356,-58.952600146265915
-0.27652633662005877,-0.5595500883961618,0.2969410503806953,-0.16180085265150512,0.019882172771944356,-13.741432354350149
0.18248648895975653,-1.6187590166555395,-0.9752871111419834,0.44018925764343164,-0.49703421705317413,-157.63572796459985
0.7660079793891618,0.251365239627894,0.20073944616006098,-0.21281725921005998,1.124493024339334,120.23735686637268
-0.6419887320805304,-0.17884577007705316,0.8634646739584771,-0.6818083878484312,1.6249193932809969,121.02042362611606
1.4387589440835515,1.3853502841077314,0.5464412428795538,1.5796413657215362,0.024286275145858207,193.99713305962547
-1.0319795136871723,-0.2641322904244743,-1.286429615398261,-0.13856928261024665,0.6742040361996761,-106.1993604044364
1.5524970000264746,0.8417331212918551,0.966486221325614,-0.18713914093748568,0.3461810262054756,183.02135834153663
0.17438496073227522,3.550999174550317,1.436680156206754,-0.5672065988067135,0.9543486417030185,316.1997090745736
-0.063979770529361,-0.0012614271884066816,0.25925010282887745,-0.5416801708135286,-1.451901119337462,-88.16363327525417
-0.4693950908485133,-0.823027668438786,-1.0411169295351574,0.1746866373930719,-0.6706564170576751,-167.88841414199308
0.26239817656718656,1.2982400727354393,0.33198640220336134,1.2937589167886634,1.306747274222424,204.39615913917888
-0.005682359512517681,-0.15363405100294267,-0.5035327561564096,-0.21578784924944508,-0.628649385037587,-89.58328695528128
1.2702182257699908,1.3252658527095253,-1.4444217180728203,0.37746777930629344,0.8915375975104504,59.48062949151077
-0.8010114428548518,-1.321111171090655,0.4838746769002283,0.5745005456276685,-0.3568545751308866,-57.65795690498203
0.3835008954987161,-0.8507954036761401,-0.9235008383064279,0.5056540263081009,0.13237736322108312,-72.19176063134391
1.0587185765786955,-0.6144919228033155,-1.4583136631399132,-0.29536126758500353,-0.15184629175996306,-117.40906407318572
2.2803466953056737,-0.8760200824796562,-0.4812187757424883,0.3633758387107163,0.015501035009859344,17.272030155812786
0.18942482158432944,0.5836951664063477,-0.4011184287501283,0.6405758774187827,0.3965309662915984,42.509063206963134
0.9668251817286463,0.08726973660763894,0.37596374446865094,0.7781669043829738,-1.3351523428252732,2.3440678040838137
0.9173119226996539,1.2995020542846685,0.9198023696508489,1.1123384008290984,-0.9323914069399307,126.87243677053819
0.5823121173648231,-2.228266293125595,0.043362761218333566,0.13943462857325148,0.7565582750957301,-21.01960032563647
0.19259167021136647,-0.6732084297472402,1.2481056578055214,1.5314625280505352,0.06224759429500465,113.38942508684426
1.0248667650233572,0.8435960120009015,1.0261014691127388,-1.9820354557524977,0.37276970065110504,125.49099633226324
0.5799294246305159,-0.2764125787174467,1.924799567086849,-0.9809501346877869,0.4466732063188346,158.9639780154871
1.347316109167059,-1.8602638153947766,0.49770378970587165,0.47055933227846636,-1.057537416385993,-50.31194728358272
0.06911804625741912,0.785645527627365,0.45151265558080844,0.3030006908758246,-0.7905492364974606,28.115261413555125
-0.7765349621763293,1.200188933744399,0.3682941814823689,0.08914970534915352,0.9872341081490469,116.33431968275094
0.14962800659788963,0.43024244122849825,-0.10492632003905564,-0.615782409525711,-1.8341357179255962,-115.09829388520872
-1.962849616100065,-0.15907669084701392,-0.5859952388511998,-0.928578566355103,2.0991997552973847,-11.017725025303683
-0.025516448334066414,-0.13652048101550054,0.4935541354859326,-1.350486709075036,1.8060190888156495,110.1298158268064
0.011560936555646398,0.2728893543177657,-1.5167988047060372,0.46265955570788514,-0.9523437050100316,-151.24246245952696
-0.3141121634469857,-0.6501239937341945,0.2201187671755368,-0.4278812620358124,-0.8502219448461726,-86.69130097264825
0.13060118142281815,-1.8536518732165883,0.8117033439134468,1.5864334743603916,1.273773416439967,103.66895094013736
-0.135556262071002,1.1243848217182981,1.2970024732723064,0.04915205714178743,-1.9491878624655936,21.77236085143134
0.23347871189235128,1.0995558208027496,0.6428158024338304,1.0131125482353154,0.2611577181339822,142.5294000382577
-0.9521216487793794,0.600790307976087,0.7271206633844219,-0.8337206780107399,0.15946174250609083,37.794038088820365
-0.9100516881805915,0.48630137731219947,-0.4028511115995595,0.7365390701468549,0.8789247317532628,32.51530828413674
-0.877194072830137,1.9167870060761991,1.6179173219455003,0.9438431941226663,0.10478069980024912,204.32537540839945
-0.21144569677906566,-0.7629582025939304,-0.28574894933163075,-0.34659282850593043,1.128200250626383,-0.17543430406305632
-0.018553201212320437,0.8622216782100851,0.6271996159849224,0.5189255147063334,-0.45187173614827764,68.68666186560732
0.6198570878116815,2.026460354684242,-0.30026487504404664,-0.35963283582539723,0.8718851873054099,130.90380738666042
-1.4994755444635213,-0.412307317152074,-0.543852228841527,-1.4394066641976637,0.48087472405870707,-118.84924019756934
-1.3649765234587565,0.751886721586051,1.910017088453397,0.42471266226393933,-0.07921225207763616,133.73714974740582
1.5091298358648366,-0.24748789450743103,-1.1938898457256075,0.6009514678178238,-0.4665377276024519,-61.36127122704328
1.7046443053639162,-0.4622413146267553,1.6874562141123108,-0.907286808006198,1.00796580121178,209.65935783277385
-0.5530404658692701,-0.08347777988590963,-0.7504177744839075,-1.1673739491585207,-0.8592736821584545,-163.33981957710503
-0.8825672561600072,0.7231848888613309,-0.18791443942410233,0.21804059758159192,-0.4749885657906878,-38.46725271361015
-1.7402537475230282,0.33861878559008335,0.6636750732614615,1.2993459867122428,0.24773421701653653,50.24026938355553
0.3941667119072121,0.06811208029627301,-2.2223808564592953,0.18799770542592784,-0.34459990504533866,-169.33703589657017
0.11359482578243553,-1.383634113967143,-1.2237420357408697,-0.6630400869269666,-0.4137608125121206,-188.9780358621399
-0.49481828979755516,0.8322658636619984,-0.039438515715820126,0.968167551956703,0.6210734873321467,78.19375990389395
-0.7849504780253073,0.8296169416356186,-0.8542112935166083,1.251855086266191,-0.5768844701309335,-62.03627099169829
-0.09456148501420752,0.8705076761919828,-1.2966035413962076,1.1935670292683194,1.393185252056695,52.25454335470475
0.5785550286028045,0.9169074953092384,1.5667642042760046,1.785884791057689,-1.2408212254547106,144.59686077984463
0.2740746905893905,1.2194205509906413,-0.294136972654781,-0.03365828116004948,-0.3062911369421048,20.33005616122426
-2.198059451669674,-0.2666353673830092,-1.2557385793953952,0.4956040504057855,-0.6164828662751812,-211.87911299430576
-0.865519505067373,0.4793346447717261,-2.0016439607309007,-0.02881272941214074,-1.1502682026566322,-234.65392228079554
-0.6841764540029599,0.3672291268845948,-1.4092016700464298,0.35101303600753575,0.6150587548034436,-69.26762459958675
-1.5535871897884337,-0.9803064864003329,0.861043017660246,0.8632027126223082,0.5045172616961257,21.811125096121312
-0.9470620816862163,0.29813167510661825,-1.1563982952472684,0.5942222896405621,0.698923925855146,-49.88471682275689
-1.3186036402190586,0.49289520387169655,-0.8301215712189122,-0.19718912346040599,0.3061696571097898,-75.02134943028528
0.15920358302053256,-1.8297016666987311,-0.8155710347959061,1.4599268905097647,-0.6778358551019166,-142.53974132932515
-1.961170141293657,-0.09864217825363134,-0.5269683725729404,-2.041223286836298,-0.6131655974423329,-202.08395088106536
0.7509922096667604,-0.4934834496021824,-1.2404184188953307,0.8327838179727706,0.29576127168845867,-48.89084638884451
0.5068304507385721,-0.3204781827649643,1.210910006253798,-1.5769585412415648,1.3361436068805612,140.07299593269775
-1.8312537223973862,0.5792077397795158,0.5000857533195489,-0.5659143224559213,0.4637864939657612,13.032194905432654
-3.0043167764804775,-1.1320961455985747,-1.2407887378244427,-1.4087906647122412,-0.3360826610928339,-304.2233553324832
1.3323115047330443,-0.37832212500150586,-0.2532055342774053,-0.3112130412469114,1.5273352314577178,101.16980163798404
0.5949434829587105,0.35336942632326807,2.447407796575243,1.0699751973373717,-0.2878234928568184,230.68987217930194
-1.3039744039635668,0.6852653688175224,-1.3991289750027773,0.5373902279560274,0.1590756523962091,-99.23482947863486
0.3830333038375232,0.8020371338050197,0.08423791188008287,0.23237956542588042,0.4060203068107715,84.04552163832854
1.378430166024571,0.4920679972838538,-1.4905245716278321,-0.6010500305882649,0.5361781504734894,-22.043933944791696
-1.029141425951354,1.5703752039186523,-0.15828906377262636,1.347270650772512,0.7027524144616312,95.77063519948216
-0.11426251214352373,-0.7193761968327902,-0.8894572748668659,-0.33070047564963,2.0036950560083846,14.910733467184343
3.0362277517429876,-0.13081354424683586,0.41063224567912004,-2.1786583566966615,0.8720567663619373,136.0112338915066
0.3928678157286268,-0.46264197469144835,-0.7252629178141424,1.4475694498540228,1.2112833207886204,48.97138538178871
1.722494197787228,-0.5091636975285144,0.09136159407324108,1.995772729016051,-1.2444935149183654,15.517564697338349
-0.42855670741996676,0.8425036877147047,-0.039413865224967114,-0.05501101623045908,0.655468269362893,58.37928368230383
-0.8495346492384249,0.045715671538891084,-1.4900143836115314,-1.1306443878211296,0.3201143424910227,-147.77916324450246
-0.36641458482602746,1.2034226591852781,-0.15515886368761342,-0.46817081877917216,0.026061241849000442,16.99271003430333
-0.14087264282000037,-0.7622623458076541,0.6636836422953584,-2.287135065625078,-0.9203550893664509,-99.54373016439774
0.4352383177293193,1.4068235843954577,0.02040290089917272,1.40371030640414,0.6119099678035715,150.5083484083794
-0.31428104513612115,0.20682002525225437,-2.0818297771433962,-1.4811127288667716,-0.2062247754131215,-210.02155957234638
0.5912786981594648,-0.17868062213823574,-1.0989853271857952,2.3364401017332854,-0.03958111523987829,-15.431744857250033
-0.3955225906928579,-0.012117029516696232,-1.0960815460312179,-0.8789724282478416,-0.4210510250870332,-144.8188787502226
-1.2938635923721546,-1.5056455844052299,2.00002349137615,-1.0472853585129438,-0.797069104233869,-37.008571051898386
-1.017136234438656,-0.3491012821091036,0.23535740158248064,0.05525202992917043,0.06846218743127802,-27.25390199501713
-0.9375881728356122,-0.5229871254314021,1.7671606669449542,0.246573093030067,-0.24939194093952693,68.96398212339211
0.8859191779820254,1.1820985521545726,1.1694776851070445,1.9082489079727858,0.008450641521377809,216.57261029534726
-0.994525011573869,-1.2977230041066574,0.2068802787566425,1.1083447795119978,1.6034422315607737,50.390623638166744
0.4476581043483607,-0.12835049899130813,0.8235429456381121,0.21292405960822822,0.5853561349498955,114.60937317069721
-0.4726131930407576,-0.8393780066802689,-1.3875890950370502,-2.1281750068198257,0.08658326605567938,-203.69683249717139
-1.0818125504691156,-0.6168194951566133,0.2644609822862674,0.6066803863098751,0.2158937472217572,-16.073130854618658
0.05511336825029076,0.507500025454868,1.1982704852998065,0.24889037658540877,-0.8964835563151619,64.05441534386752
-1.0835993275959959,-0.9545364323416566,0.5815543342590287,-0.3255389833702917,-0.26731055453580843,-60.3781034614019
-0.20922871583448577,-1.2883712790865192,-2.690896990361733,1.194481613956002,2.470477827868701,-83.03366785789439
-0.8239028232419033,0.7047731327261313,0.11416792039077549,-0.23956494526942954,-1.3923335059010329,-84.39588275414361
0.34968927754148305,-0.3487175360347316,-2.5154560214886783,-0.29672255240311635,0.7349941075472938,-153.62813610665498
-0.8763132059901416,-0.6897663433029049,-2.0919976509714786,0.3853766492518642,0.8925755919345693,-152.89011877019527
0.38965456486196687,-0.34205942271294837,-0.0070996110778254245,-0.06188913651944901,0.24482426492215129,13.089339104650612
0.1925266917928569,0.3965424007524856,0.905864844208483,0.37150693997808293,1.392328468190523,188.31921247443526
-0.9013752938612539,1.6666285539333392,0.6109836771645341,0.5840076221356193,-0.5400878768807881,66.19537648535531
0.7057324155946575,1.884972500167063,-0.6146571372972487,-1.6805403012725189,2.003858389884164,144.86265314122642
1.4091210940418033,1.6404284416680446,-1.9756326482904663,1.7096509648168172,-0.38624527304306305,-10.921732876805644
-0.376303718017404,0.717991968998122,0.00743392503222428,-1.5582829950336945,-0.9603256560459468,-79.44355094312758
-1.758320248468391,-1.3190802238294979,0.6443558252823037,1.5061525640811853,-0.015108597009214419,-34.68479358720482
-1.6230726640432873,-0.5639009512598875,-0.011571133400167431,0.9395156678072779,-0.29274497296766977,-78.80480770178218
-0.8842860195807294,0.5503581669704793,0.3699107411911658,-0.9900879717197831,1.5809822091604038,96.96376289717797
-0.9541054060296396,-0.8079768399708683,-0.13178239202700812,-0.1138944720802492,0.008368717077430537,-82.20241851122839
1.0287693944754244,0.5359057977619962,-1.2184787408109574,-1.4990945812031111,0.10561990730741526,-64.12058091390675
0.26109652700463765,-0.2799781521223868,-0.584166451509881,0.2877794483989511,0.11368919301615328,-34.00368103445868
0.34283197548545646,1.5148008546908303,1.0164142049390312,0.9052534641831601,-1.2798579512838557,95.03999336010307
-1.3601668787652277,3.2229774171506143,0.7920842968290779,0.26857937699115775,-0.4847021980015951,128.33677731468543
1.6098136591247325,0.8822244505276624,-0.5182608237055968,-0.30286976851805425,-0.8694891134208427,-7.109222622911667
-1.095581353351213,0.46395100608948375,0.6267800943026994,0.06457407399704887,1.7441670100845919,140.81670305801634
0.0574402608304978,-0.09296110862163867,0.20109194563023913,-0.38353294588791914,-2.657947133252701,-163.47306512374382
-0.560440611195454,-1.7379105458597357,-0.2419414753250195,2.029539436474087,0.17913770802997048,-52.47236022494695
1.267490380041354,-0.5622889704423063,-1.409819201320481,0.052379910246804835,-0.9876166029840645,-148.42260133885222
0.6775789560705104,-0.6773875055943257,1.9609749163401098,-0.09749667122348779,0.5682488775552912,176.21535418355245
0.12498694638915099,0.10600451870711994,-1.224396477251838,1.4261157957625714,0.6734798177124462,-7.894541092093405
0.9052913018491536,-1.216646280310432,0.7398693613155369,-0.16887767755668062,0.269889021663648,47.313017335685345
-0.17536326060017246,-1.6011792625895107,-0.7720178365371635,-0.29112634579323265,0.7382798369233442,-95.09049181686069
0.5912542435723452,0.1337277023490336,1.0227298988953406,-0.8722414924362977,1.058454127265438,149.68025343393896
-0.15318342190838058,-1.0295472441655331,1.8699343000301343,-0.8239912345342406,0.26200035254448584,86.85875487468866
-1.0488728350871364,0.5872741590757184,-1.6989250159630642,0.11061815045500012,-0.9586993594277486,-198.19351923019
-1.7517145845790612,0.5474752704208784,0.8475776660890351,0.8699762227225726,0.7536237134257249,93.61036720430866
-0.1569646276263017,-0.3434278315438845,-0.09858549376611181,-0.3762032720063612,-1.963459359401217,-159.80532794529785
1.1983780448228782,0.6604219869124323,0.6710917039936946,-1.4158019764689453,1.6221454992671054,189.75613619335607
-0.18661784688189167,0.20640134024027504,0.0073153877864173935,-0.17935202298595299,0.08848271396836707,4.184444964469869
0.638787239044492,-0.679569444152378,1.6002426055674028,-0.1701025452574548,-0.18533090051343906,98.54397639004208
-0.6015824761987574,-1.890828516492502,-1.0295280670349172,-1.160202611095049,-0.7049327831619259,-253.63976048892272
0.6050688520473879,-0.9039607104191972,-0.9647129779122953,0.15816427236220698,0.05705223403693982,-83.7467524771503
-1.0303444217231377,-1.1013907560884315,1.7619950617714395,0.2824484831270397,0.18339211978852957,68.72234797850865
0.8134416000492944,-0.008552561923499406,-0.3980455851538746,-0.45296358362603284,-0.5322568400025562,-46.29580499701423
0.9651884693293096,-1.1301607431326324,-1.2461416249013944,0.4379459881441916,-2.085410453924607,-229.72235733328256
1.611355984657326,-0.8172944519522435,2.2557866919576486,0.7359437501634177,2.1818744098023393,349.19083867046146
-1.1567897013773856,1.0165085775935174,-0.6326448108894607,-0.7450991870073128,-2.6112407927260337,-228.66232901334766
-1.3753700115781726,-0.17577121506301316,0.05440388264207641,1.4141572303035754,0.4437491047402391,10.350506732405947
-0.21245431981144094,0.3468209896456534,-0.9490620070092183,1.0136724490862226,0.9641983736805019,18.794491002055278
1.2927015484244977,-0.16906794994676275,-0.36945428328723795,-0.24657276711436707,0.529539866783933,38.289790694814336
0.38131977038081044,0.22146110060196508,-2.7042611055431425,2.019081960383424,-1.5099887984907086,-227.38453675038747
-1.2401775041729932,0.5459033878861372,-0.2942832038365718,1.806865205462623,-0.11991240908215423,-6.590872465861518
0.10214652975965532,1.4246926070656403,0.6167471584930238,-1.061529646366936,-0.8285451036102027,36.05955937557177
-1.3501447599755183,1.462902956701693,0.6627363093649967,-1.220850072699004,-1.4811608138378696,-58.080155441942026
-0.7456991987158795,-1.000532180674616,-0.29877667362109966,-1.8143272719288621,1.469058087793317,-43.02557721448224
-0.2273283245324558,1.323377040300271,1.2724020379605399,-0.17393258421648947,0.018261900508982867,144.06134214266208
0.5872293431339644,0.05448303623594824,2.229495938371445,-0.7859363846898694,1.0549710571226147,238.2809824403713
0.9139812668415287,0.9529163157934503,0.34498925584472206,-1.500090397574245,0.17769405565520563,73.87122591691323
-0.4816954440116512,0.03954587652237439,0.15645584164423743,-0.38178662052097334,-0.3685068544758204,-35.970985215755945
0.5728429021456647,-2.077109510953746,-0.5948037887271541,1.7933382705424503,-0.1074791806366089,-78.06035404292939
-0.6340174516028891,-0.7419490393797114,1.5573675796950308,-0.7145926009969681,-0.967493509067797,-14.78111626856474
0.40329477122005936,0.05849830590433527,-0.009901195133162085,-0.06767558615505381,1.1327673062435661,84.93160389957377
-1.1768799603416087,-0.6579146979567052,1.0180099168507961,-1.3172696422442487,0.3207049713660112,-7.001244448875931
-0.06785299389169405,-0.9846520469180173,-1.001874115008435,1.6601544384768745,-1.423259324369834,-170.2910746333102
-0.035251568479494615,0.8586766617463435,1.0849454081336236,0.6222400277223087,-1.5337418590030987,36.609514477922545
0.023487740308856066,0.347283856835939,-1.6300007202016986,-1.0319915423201391,-2.096400205534875,-266.8869212225847
0.30832455925244073,0.25234646862201304,-0.28990909837264234,-0.8257828797060454,-0.05104631699993646,-23.966489215841904
0.37910648305959727,-1.1537093714865305,0.7357415104119457,0.02976562429481941,0.48224696302137543,51.330351851904986
0.08551769177667708,-0.7220362144828626,-1.086493986837242,0.5185462285984348,1.1090471556597268,-27.044576206990886
-0.5352052686943832,0.090423505596039,-1.0006290857576934,0.05829868987458828,0.802743920537255,-39.4027435637204
0.5236047286666139,0.4565794022327124,0.4424675791267354,0.8327532375011693,2.043660594845459,218.40149809855592
-1.3055479516922213,-0.7770710975315113,-0.3703366111798306,-0.7543804721303176,0.8761926546729688,-72.23122701269276
0.32978117360087883,1.471101085677819,2.528872270029853,0.2475044588449126,-0.9551650006531595,213.28340882352418
-0.5269255369864656,-0.23609220441944948,-0.06195160875077443,0.7626797567948945,0.4464714974655281,13.315225139163335
0.08224978441465171,-1.3905103122781217,-1.382361401055141,1.5637584137131804,0.6675904018177592,-82.08060773252448
-1.687910268618926,-0.1449856319848751,-2.4263870258355187,0.655747299995849,-0.5134208725447224,-266.8250654515037
1.5578573140550545,0.6247728606905493,-0.45605805452719667,-1.2509018603677473,-0.16819666281584403,6.873428716144962
-0.4800044434858527,-1.2675819016168868,0.5490541677080029,0.683004944807747,-0.1556612383697955,-24.153882834109613
0.5406818234030821,0.7507477648728117,0.7656051522236982,0.1905081824204166,1.2741081711893478,194.76182951424818
-2.4680731656823456,0.7307464549682802,0.08279376550973933,-0.8173307029955528,2.3814279129450555,80.18937296478587
-0.5404802651058801,-1.9030226596112705,-0.5678945632611934,-1.0640848136125989,-0.19008317999946048,-183.7192986961685
-1.3189601385074246,-1.6239128552079924,0.8554039766110955,1.6636878595064222,1.3554392782033984,74.89268346181385
-0.4968576491914107,-0.2649536719008276,-0.743490395761579,-0.049493175351507795,0.4542842189917025,-58.451487139313244
-0.3395607272674811,0.5871393057811201,-0.03704911153653701,0.651983504641836,-0.37834829779474416,3.0374537239334742
0.20667339600777723,1.1963581822834202,1.000025527818923,-0.03398581921216832,-0.09131535917261178,127.3298579995696
-1.6333200766119595,1.1388690188314512,-1.3125498783386882,-0.6441802189538408,-0.2534943951847501,-141.89328095833824
1.1795149027811445,-1.4944509894205336,-0.18042721359425506,1.574762704389398,-0.8536733831728808,-52.161367413132076
-1.2275145889680987,0.48950535786935884,0.6327861548769582,-1.261774992502009,1.3858006230396853,81.7800894727156
1.0956147747066822,-1.1269087372843973,-0.45212598353106725,0.4592812814938407,-0.6322543910776618,-71.53802763655654
-0.21217663319424301,1.0152534949237757,0.2022671116980929,-0.9074860734312937,0.29833366166654357,47.1017766135551
-0.5397511337962356,-0.8132312724734156,-0.5806750477909144,0.6099844997728994,-0.31878356785809614,-102.68256916511584
-1.90986044639557,-0.5880506502738053,-0.9960797911153492,-0.49703509701813947,1.7493725108093519,-72.65873257464953
0.60469060921213,0.30153950141407787,-0.6452558809583104,-1.1319741320661345,0.5918308675909767,-5.076623659493988
-0.8391193899816076,-1.5446691932923382,-1.7539781651560309,-0.787076643386365,0.7184955104189814,-201.92562385155395
-0.6922599916493365,-0.784761442124277,-0.22797045690899717,0.5951905065196649,0.5617886225673583,-25.06757985229525
-2.8624693926099813,0.8897438912360485,1.140545156522925,-1.6355284667562315,-1.1822078445723734,-90.45922729350832
-1.247625480294563,-2.4501070530980744,-0.599502126834056,-0.02124439729988444,-0.29435239054652745,-214.69046317999351
1.1065045091915537,0.8129340473862352,2.1254752248193096,-0.32803232140530497,1.1049658548492776,296.6913537607804
-0.7701775425439604,-0.29580086196463834,0.5420370895019821,-2.1115740710945263,-0.08406788302546743,-57.357396717551616
0.3871741550137376,0.12365144276096826,0.6744904746637925,0.7794540229620858,0.8015064098309284,142.1390324072341
-3.001722352809702,-1.6752413944289026,-1.23448077643472,0.7961761143641767,-0.12443045090401746,-259.63334608290245
-1.864361396068293,-0.9377919799809677,0.5703183715637534,-0.34160837957443985,-1.7312554323973246,-181.31997277792874
0.10470391438782561,-0.5981328987845056,-0.5665011027951775,-0.8031346716086722,0.2343538081338554,-70.77132452046773
2.0179117538132423,0.043554724286222375,-0.9822043194438798,0.5894607078119035,-1.6596731380460346,-90.40568697002688
-0.9030440843236398,1.280855410134524,0.02812909346166704,-0.4410043483247677,0.40476212648698906,40.31072443524292
-0.3865712667365309,-0.009107561823103074,-0.990831719158817,-1.1455768812581122,1.526138824715332,-22.32808506944938
-0.3418862868353269,-0.39710164103440754,0.20394361010142356,-1.1556118220530425,0.1657984409650609,-30.610711325658535
-0.5813756448040868,-0.6702701520911667,0.7511949203874595,0.2924269599431946,-1.5883457587640124,-85.61118028921052
0.6062901518734984,-0.467971309178217,1.9634033956300887,-1.56675506687898,-1.3517578847565312,26.46863422466535
-1.8018003411119983,0.10166793323561521,1.5826870717623154,0.8687091205336562,-0.24489561960958914,65.43065466235066
0.12047698004508353,-1.9875043488349835,0.11001672564759718,-1.1517758140631753,-1.8348747552215592,-215.7498614567766
0.2560176791654516,0.11683012902977133,1.7977112407675322,-0.41793600231453376,0.7139996063092171,184.75489065388294
-1.984387152056702,-0.2561050850359421,-0.8176188386264266,-0.30583440014377655,-0.8075463911499547,-201.77261396939102
0.4489576287828218,1.7428604925327509,0.5476492120092213,-1.4449791664575917,-2.066616759274389,-31.40071935655033
0.47876121850398035,1.0302635287840165,-0.4239500869612974,0.13076790104672542,0.8731260856175601,87.25579811155758
-0.9504144470154994,1.1321736163202225,1.102796826568604,-0.49866978619823527,0.5889816199601804,123.19921499607194
0.2449558275001785,1.459728660614572,-1.0568262035199996,0.9759206499346796,0.05319554904250911,18.25398975389609
0.5653283584173017,1.42324668670411,-0.9950405927130078,-1.411622190407155,1.4927837547059166,65.63097499791117
0.12626534751166682,0.4893404263939293,0.3050369350681324,0.20591255935290614,0.7436574627537911,100.70331936027212
0.5526829731347909,-0.35072721536296436,0.8630630387931455,-0.6359930017074715,0.4404946356111182,82.7636424649322
-1.0788788638283122,-0.474735984330007,0.4086994091845303,1.3104347010162065,-0.07403155957105945,-0.40319301080313497
-1.7863134108729475,-1.271133961736288,1.5856488369034165,1.1165965258156334,0.5786418078793448,64.76888740342883
-0.6790470230061612,-0.3890873186948415,-0.4204595357824587,0.6545545382025069,-2.7784208819575213,-231.46474163552008
-1.7744857324888161,1.5566660632639528,-1.2151709177442669,0.5200627325046477,0.6255781395220112,-33.69444917276371
0.2095575257646802,1.6245755955976666,0.11321302615108013,0.20091534521020935,0.22605141880105684,104.54322671760612
0.6712819640820287,-1.7141267768719632,0.5895583917316407,-1.0685009030022103,0.8045049471814686,18.023107301827245
0.6161150344250633,0.7193752142015986,-0.08989780624722565,0.19827603082197398,2.762218740754882,223.55591614891264
0.3480408955887081,0.42963654524772116,0.27392227630879146,-0.3395198318477629,1.1917483395737831,116.72912559999729
1.0623445876696405,0.6861419899869985,-1.5327809377959818,0.31946612009579184,-0.9828186688486473,-101.07726687715098
-0.30935206534211945,1.9945570019655157,-0.47385460177395494,-0.5784941674462742,0.09349528706361551,32.78271035998462
0.21598444098990133,-0.303165994045173,-2.546626056332276,0.12653012405366967,0.11392140087130694,-186.89974752966293
-0.0695184698641491,-0.7142497998693164,1.018368191570953,-0.6315167522648002,-0.655658685690149,-13.926864338114733
1.49482451418365,-0.7036621705514164,0.210378885090992,1.393114570635285,1.471741032814484,165.63676470273177
0.3647734334934757,0.05181482117163685,1.987285161165284,-1.862454266043664,-0.0924193669733075,115.43771186878462
-1.6211960766694187,-1.4673362151704148,0.06835480608201984,0.8286824792753475,0.15189729860668874,-86.95379804100612
1.286666522164143,-0.9087408667996351,-0.3063501025552726,-0.1220098269015373,2.9557865110190784,165.99190996909178
-0.6196542515693804,-1.0091396543791695,0.9903060645835087,-1.3453859729583646,0.5091387673795904,8.304572462999724
0.43765303842370196,0.0909427031015815,1.1070311875703482,-1.8896852261053128,0.3850505587320604,81.66235495516183
0.8736083682495572,-2.132305581676244,0.5135756432704425,0.24963769679738074,-0.13124992318052012,-25.154358712620372
1.6372647953590596,-0.05269193420625178,1.0681406135922853,-0.5631810750924905,-0.41675217051939045,95.85156708710562
-0.5155752914109969,-0.1923915443391354,0.410806291670159,0.9983447112400522,-0.3233014250577715,8.953599304333382
1.242917394026266,-0.3830118364909725,0.9810124733342874,-0.2621005655408253,0.33749486842183946,114.98768335517619
1.0486179587471582,-0.4553107284526713,0.16780147323090314,1.0152554736327402,-0.12021569628613525,48.07634683536264
-0.511674009662011,1.820592233964925,0.8223798717251769,-0.37047891694499907,0.4379406289624487,141.20264778561608
0.9830449156012132,0.905379035780697,2.481263192605118,0.0017062417124817802,-1.3468549833331245,178.26257404026674
-0.5832900790916072,0.33425068918831735,0.3894548040902561,-1.2612357608860643,-1.5719504722863646,-105.75600232882444
-0.7165059039054875,-0.886796687448018,0.09886357887062204,1.1244945345622475,1.0158432833475375,36.21187174506077
-1.4271228412824426,-0.06710633912319763,-0.18798446712498854,0.43742391453770346,-0.13517966029580958,-66.27162396894754
-0.269422240737025,-0.9006627076630334,1.8402307495976185,-2.1420258739334006,-1.5651087477838341,-59.0796568459288
-0.12643226733715343,-0.021239937949024602,0.07771026451830278,1.3004974441163712,1.4546983352087985,125.02333520713636
-0.6420386354615168,0.37085597045307883,-1.1025993263896283,0.9029241235558817,0.47040938574322205,-37.78555883488427
-2.4068346377389203,-0.06200193101348967,-0.8132704132533592,-1.1995238556936763,0.6319700709285544,-140.77020491083988
0.41653571359140235,0.3374655238420449,0.8764789062221527,0.8325871950650027,-1.8948968076897248,-2.993934986693518
-1.5574488615230413,-1.9129348781166053,0.8077309307370076,-0.5409825008676786,-1.284874942009789,-171.18069529862598
-1.2644711070901697,3.4316326005951274,0.30965908209605103,-1.2165361904954606,-1.6378777782416374,-5.023321291362927
-1.2804988837351343,-0.6827778000516723,-1.9561926622219823,0.21922540735902896,-0.9553211212437911,-278.87509511970717
-0.5157684815628973,-0.35725843183919975,2.7313480264232055,1.4937914453866674,0.21793209986228318,222.93382690754612
-0.7817045696331916,0.9871782896927387,-0.3778811454183404,0.600541723942229,-2.226784772076081,-138.7341568060253
2.9728147543484087,-0.48392089226852575,-1.1405326494504524,0.4664656752855264,1.5895515700684177,109.97099744526908
0.31879131083656465,0.13120525227049024,0.47840326819291895,-0.8071522707548623,0.5412998022949185,69.47451883828707
0.24233553713338965,0.3240461276992246,1.5612391766957119,0.6377182940693739,0.8621662310530042,211.57953000710845
-1.7024659940992652,1.32460322786632,-1.024111938721307,-0.0003936020211744578,1.695109281845568,27.2948439701127
-2.188815402505893,0.4204988059763467,0.31241696948384123,-0.1309707174685488,-0.8512177803308631,-92.34681996328308
0.13195815165158645,0.2361623975334498,2.44730074851938,1.0997365856753605,1.944279196070541,349.7498074202452
0.583627552587832,0.04956006360128001,2.470151646547815,0.7899861852112748,-0.23959434132342625,214.37832794898983
0.7848014436631866,-1.6787836842577357,-2.445456178982242,-0.11367563123642165,-0.4834645983008845,-263.40116323876254
-0.527118889274301,0.9605609662885801,-1.6985020142629628,-0.050081907743596096,2.0798262872645195,21.565288485698158
-0.9484209058234523,0.7313333112614914,-0.6400933835285051,0.44038699925419117,0.7793131906973703,9.388889249383853
-0.8334523948879751,-0.22560705612578738,-0.8108674924751642,0.3185161622042097,-0.9353152134753142,-152.14987125748254
